Event,Hit
273,1,8.31734
703,1,0.620631
778,1,4.01356
987,1,4.73471
1342,1,1.14707
1977,1,3.1279
2086,1,2.4705
2334,1,6.59866
2445,1,4.31389
2643,1,2.22896
2752,1,0.389359
2768,1,2.16411
3203,1,5.66461
3448,1,1.59498
3758,1,4.3594
3869,1,4.15871
3891,1,3.41395
4000,1,2.47189
4212,1,2.00943
4336,1,3.62428
4393,1,2.97206
4527,1,1.89635
4569,1,2.45782
5014,1,6.09635
5034,1,8.32736
5042,1,4.22976
5083,1,5.05605
5225,1,3.5577
5342,1,6.5201
5652,1,0.304465
5661,1,6.22922
5997,1,4.37894
6101,1,4.75989
6394,1,0.619587
6879,1,2.80155
6894,1,4.33722
7313,1,5.48475
7347,1,4.13695
7381,1,6.13332
7489,1,0.601708
7499,1,3.02291
7772,1,5.44439
7823,1,7.30349
8114,1,3.61759
8352,1,4.13078
8573,1,9.69461
9031,1,7.07499
9056,1,2.83691
9275,1,1.70811
9415,1,3.55225
9544,1,0.95963
9723,1,2.70771
10044,1,4.72136
10219,1,2.67913
11113,1,4.32051
11128,1,3.98953
11277,1,1.45194
11480,1,2.04814
11671,1,3.71566
12322,1,4.69838
12424,1,6.12419
12572,1,2.84581
12628,1,8.65886
12899,1,4.85842
12919,1,2.0821
13590,1,6.67768
13772,1,2.34218
13956,1,4.08362
14084,1,2.71027
14205,1,0.275508
14397,1,3.46274
14691,1,9.29676
14695,1,0.315038
14832,1,0.924041
14881,1,3.78359
14902,1,5.12711
14915,1,5.55998
15282,1,2.75547
15382,1,1.55651
15460,1,6.46241
15784,1,5.06845
15817,1,3.98782
16270,1,7.13618
16561,1,2.24102
16593,1,0.807933
16677,1,1.6253
16789,1,0.463536
17010,1,0.525181
17029,1,7.82562
17381,1,4.3824
17382,1,0.256697
17682,1,0.628286
18216,1,1.22528
18237,1,6.62079
18994,1,2.73576
19090,1,4.85829
19236,1,5.20298
19351,1,3.80464
19538,1,4.75002
19574,1,1.10029
20129,1,2.84956
20320,1,4.31249
20366,1,9.46739
20598,1,4.18211
21071,1,5.57089
21141,1,0.435405
21460,1,4.94471
21768,1,7.10338
22139,1,2.47003
22164,1,6.77429
22223,1,0.451298
22269,1,0.93998
22578,1,8.6727
22594,1,1.25108
22636,1,1.07085
22759,1,3.10543
22770,1,9.28656
22981,1,3.71255
23171,1,5.48404
23623,1,0.53951
23688,1,3.21101
23877,1,1.29911
24036,1,3.17931
24227,1,1.81905
24473,1,1.38436
24590,1,2.01451
24611,1,6.78769
24780,1,0.733906
24976,1,1.63813
25122,1,2.72982
25200,1,3.67877
25299,1,2.42359
25604,1,4.54692
25719,1,3.72494
25742,1,2.40658
26047,1,0.537695
26088,1,3.87908
26221,1,3.53151
26340,1,2.27548
26529,1,3.5273
26854,1,3.04571
27077,1,3.831
27185,1,3.01662
27194,1,3.09183
27244,1,4.26965
27573,1,3.46433
27854,1,4.82759
27875,1,1.12821
27886,1,4.57365
28232,1,2.83707
28292,1,5.33516
28308,1,5.20663
28577,1,0.786251
28664,1,5.07019
28701,1,6.70167
28874,1,0.999497
29701,1,8.00299
29709,1,1.57384
29835,1,8.41586
30256,1,2.82321
30435,1,2.32784
30610,1,4.06143
30689,1,1.55464
30820,1,4.03349
30911,1,0.265204
30934,1,4.21843
30978,1,2.30252
31177,1,5.12807
31415,1,4.53534
31552,1,4.5061
31591,1,3.67063
31881,1,5.53355
31973,1,1.30626
32126,1,5.70509
32460,1,3.30154
32753,1,5.92661
32769,1,6.70169
32797,1,2.34977
32856,1,0.975789
33008,1,9.57676
33113,1,4.48441
33143,1,1.53483
33276,1,3.79683
33609,1,7.3597
33644,1,4.49421
33822,1,2.58346
33839,1,3.00889
34002,1,5.65709
34215,1,2.30402
34539,1,0.712468
34712,1,3.91773
35393,1,4.35502
35424,1,1.67114
35428,1,6.19429
35956,1,0.430821
36011,1,4.04704
36412,1,1.78406
36509,1,4.63499
36683,1,4.22621
36833,1,4.39277
36898,1,7.41161
36925,1,8.50566
37305,1,3.72504
37416,1,5.90911
37499,1,1.26413
37549,1,2.07166
37738,1,2.28027
37807,1,5.19191
38237,1,3.90656
38815,1,6.13193
38938,1,3.90316
38960,1,9.23849
38963,1,0.262329
39207,1,5.68712
39336,1,1.13002
39337,1,3.37912
39408,1,4.59739
39433,1,3.48562
39445,1,2.42639
39494,1,2.73179
39554,1,6.01198
39585,1,3.41136
39680,1,3.60212
39806,1,0.604437
40545,1,4.9123
40897,1,0.280802
40973,1,1.25558
41669,1,0.229178
41792,1,5.03831
41894,1,2.46215
41915,1,5.84351
42349,1,6.03687
42459,1,5.11714
42757,1,3.99308
43057,1,5.02179
43077,1,3.22627
43704,1,6.35883
43803,1,1.26642
44037,1,2.12567
44126,1,4.1718
44129,1,3.96402
44175,1,3.90474
44682,1,3.23386
44716,1,3.76757
44718,1,5.14516
45407,1,2.88145
45447,1,3.60203
45524,1,3.51909
45546,1,2.42961
46146,1,2.01496
46236,1,1.28411
46350,1,0.649646
46580,1,3.10889
47218,1,3.86938
47251,1,2.60348
47690,1,5.23688
47707,1,3.6945
47812,1,2.61027
47855,1,0.206733
48010,1,5.25991
48058,1,3.48519
48096,1,1.06874
48188,1,6.80118
48837,1,6.49525
49194,1,3.56347
49242,1,6.35383
49387,1,4.59961
49443,1,2.50197
49501,1,3.05443
50119,1,1.02141
50149,1,2.76619
50256,1,0.690378
50277,1,3.42126
50643,1,1.21542
50763,1,9.43006
50872,1,3.41694
51147,1,5.01603
52567,1,3.59962
52958,1,2.33391
53195,1,6.42391
53242,1,3.6239
53264,1,3.27258
53565,1,1.74
53782,1,0.662522
53837,1,2.4439
54097,1,4.86195
54182,1,1.20795
54212,1,0.786465
54318,1,7.6539
54487,1,5.72495
54493,1,4.60573
55061,1,2.63498
55288,1,3.36562
55558,1,1.52956
55606,1,6.12217
55727,1,1.15674
55784,1,4.43062
55903,1,5.22343
56087,1,7.17284
56351,1,5.77884
56364,1,5.90802
56398,1,6.32197
56621,1,1.42724
56861,1,6.25972
57112,1,2.22665
57136,1,0.495374
57321,1,3.67175
57433,1,0.243836
57751,1,2.79956
57940,1,0.848937
57956,1,2.48611
57964,1,3.06063
58033,1,0.398292
58222,1,5.69597
58400,1,1.97773
58743,1,2.23611
58866,1,2.66434
58990,1,0.235389
59191,1,4.43967
59339,1,7.05042
59468,1,5.03413
59681,1,2.65278
59731,1,0.667333
59871,1,3.7989
59928,1,2.6399
60047,1,4.19457
60293,1,0.24547
60493,1,0.507946
60746,1,3.56139
60797,1,5.01889
61209,1,4.38689
61791,1,4.4544
61883,1,2.62529
61961,1,5.33926
62249,1,7.01543
62672,1,7.34772
62747,1,3.06245
62749,1,5.62926
62786,1,5.42229
63253,1,5.91414
63305,1,5.61059
63478,1,2.81993
63574,1,6.62619
63619,1,2.63965
63706,1,6.0966
63972,1,2.19504
64137,1,5.92549
64252,1,1.42406
64256,1,0.33297
64851,1,3.25211
65203,1,5.55246
65315,1,5.28375
65472,1,1.37082
65799,1,4.26435
66142,1,5.02973
66181,1,4.29191
66184,1,4.99372
66324,1,4.24007
66340,1,4.85212
66492,1,2.7956
66607,1,3.54964
66911,1,0.361387
67058,1,2.76692
67215,1,4.46033
67436,1,1.84658
67679,1,3.60872
67753,1,1.588
67893,1,4.22841
68080,1,0.64217
68418,1,1.77464
68564,1,2.93966
68664,1,6.33631
68800,1,2.21445
68919,1,2.50148
68997,1,0.489652
69238,1,5.81315
69312,1,4.33096
69337,1,3.54246
69936,1,4.91592
70023,1,3.62877
70173,1,4.52937
70450,1,7.26665
70793,1,1.29116
70880,1,2.61999
70937,1,1.03185
71051,1,5.93156
71151,1,1.89851
71213,1,2.41047
71223,1,3.79643
71267,1,3.4349
71428,1,3.82081
71995,1,4.02773
72123,1,5.12785
72199,1,1.01009
72550,1,4.98586
72656,1,4.30196
72808,1,3.50428
72855,1,6.8581
72933,1,3.05325
73323,1,5.331
73509,1,5.00898
73619,1,6.41837
73782,1,5.28495
73925,1,2.50381
74042,1,2.35433
74443,1,4.16698
74456,1,1.79967
74482,1,0.240487
74616,1,5.69848
74644,1,6.08148
74743,1,5.08706
75185,1,2.28294
76111,1,2.02427
76771,1,4.97025
76813,1,1.01189
76916,1,5.56145
77153,1,3.45286
77518,1,2.70312
77702,1,1.45405
77872,1,0.373541
78039,1,2.11446
78088,1,4.25266
78333,1,2.94724
78800,1,1.78589
78831,1,2.35796
78940,1,4.08944
79042,1,5.13536
79239,1,0.295838
79265,1,1.87156
79681,1,1.33489
79893,1,0.74948
80071,1,0.975198
80198,1,2.90933
80307,1,1.37092
80507,1,6.93431
80565,1,5.02452
80574,1,2.03244
80658,1,3.92187
80817,1,4.39138
80913,1,0.612294
81080,1,4.96642
81316,1,3.18039
81641,1,3.67021
81837,1,2.79422
82016,1,3.00741
82075,1,6.45772
82754,1,2.43612
82785,1,0.305758
83141,1,6.42176
83762,1,0.985158
83833,1,3.43919
84283,1,2.54944
84329,1,1.58956
84400,1,5.55559
84404,1,0.775943
84795,1,1.77613
84875,1,2.03614
84970,1,5.27486
85510,1,4.73995
85530,1,5.28282
86266,1,4.18781
86608,1,3.31488
86791,1,1.87195
86846,1,6.7229
86856,1,3.97002
86891,1,0.836379
87180,1,2.78436
87460,1,0.822095
87520,1,4.63448
87605,1,2.03867
87640,1,2.925
87700,1,1.57722
87755,1,3.67026
87915,1,2.76719
87949,1,3.84054
87997,1,0.560673
88002,1,0.423109
88351,1,6.81458
88368,1,1.6573
88451,1,4.35354
88753,1,1.3707
88879,1,1.82564
88911,1,7.2909
89020,1,3.01111
89096,1,0.66066
89456,1,2.96071
89524,1,3.19351
89526,1,4.47577
89589,1,7.39374
89626,1,3.34034
89722,1,2.63661
89940,1,4.68471
90240,1,2.46242
90300,1,4.39869
90306,1,6.47378
90633,1,0.610367
90780,1,2.99754
90813,1,0.819375
91031,1,1.97068
91266,1,3.42273
91592,1,6.43785
91792,1,1.57701
91833,1,6.79791
92156,1,3.24808
92293,1,0.739458
92326,1,3.86571
92368,1,1.32739
92428,1,3.57222
92755,1,0.385266
93011,1,3.76834
93032,1,2.41571
93173,1,4.86068
93788,1,2.72569
94190,1,3.92408
94596,1,4.65426
94916,1,4.70287
95225,1,3.07228
95762,1,3.79366
95948,1,1.57849
96095,1,3.21016
96851,1,8.26332
96939,1,1.39153
97028,1,3.52131
97114,1,1.20784
97211,1,5.40711
97240,1,5.46172
97266,1,3.94697
97285,1,1.3209
97582,1,0.318037
97652,1,2.53878
97730,1,0.828046
98023,1,6.24117
98053,1,4.81846
98105,1,2.76203
98243,1,7.02071
98474,1,2.59471
98521,1,1.07042
98770,1,2.05741
99045,1,4.30011
99177,1,3.96657
99383,1,1.82412
99486,1,2.7024
99601,1,3.17988
99695,1,3.48115
99735,1,2.77343
99816,1,5.10117
100071,1,5.22628
100316,1,7.82305
100399,1,3.94181
100514,1,6.85752
100658,1,7.64496
101030,1,0.329901
101531,1,3.70116
101712,1,1.93562
101733,1,3.33582
101947,1,4.15566
102408,1,6.12164
102528,1,4.22111
102563,1,1.79536
102623,1,5.14928
102909,1,0.704615
103304,1,3.10169
103369,1,2.9925
103714,1,2.84211
103771,1,1.91075
103796,1,5.27452
104141,1,3.274
104186,1,2.82627
104415,1,4.32813
104595,1,6.58099
104717,1,2.99862
104851,1,8.94636
105317,1,1.77194
105656,1,1.6266
105819,1,4.04349
105825,1,4.95545
105990,1,5.11981
106019,1,0.982705
106046,1,4.47972
106333,1,3.32069
106569,1,2.38496
106792,1,3.1936
106839,1,4.0246
106856,1,2.24784
107382,1,1.92504
107415,1,7.58759
107931,1,5.97621
108026,1,3.02305
108051,1,2.51627
108292,1,5.25281
108333,1,3.7553
108570,1,1.62961
108951,1,2.67617
109104,1,7.64768
109361,1,2.84763
109625,1,3.28208
109675,1,2.73947
109775,1,4.5192
110231,1,2.23073
110279,1,9.10649
110386,1,9.95829
110701,1,5.56901
110803,1,6.95826
110977,1,2.77063
110983,1,2.28861
110986,1,2.91406
111044,1,0.550932
111099,1,1.82904
111336,1,1.5546
111451,1,8.41873
111678,1,0.290971
111767,1,2.69343
111967,1,2.06841
112216,1,1.45851
112267,1,2.28665
112391,1,3.22304
112404,1,5.24294
112583,1,6.43586
112976,1,3.52166
113011,1,4.04745
113270,1,0.905962
113390,1,2.68514
113954,1,1.75581
114213,1,0.355008
114216,1,4.51699
114249,1,8.94186
114491,1,6.40989
114758,1,9.00471
115306,1,1.39624
115651,1,5.71992
115756,1,2.83056
116240,1,4.79314
116255,1,0.587934
116328,1,4.8287
116608,1,4.60859
116637,1,3.37125
116840,1,4.40126
116935,1,5.64769
117078,1,4.71196
117085,1,3.45215
117193,1,2.90476
117266,1,3.66322
117385,1,4.0283
117536,1,0.526327
117580,1,4.57567
117630,1,1.70611
117645,1,4.89751
117793,1,4.07883
118326,1,2.41052
118395,1,1.41431
118396,1,2.99899
118673,1,5.90956
118713,1,2.35394
118820,1,1.85152
118835,1,4.40226
118917,1,6.7166
119339,1,8.06661
119590,1,4.53851
119596,1,4.41197
120272,1,1.99018
120286,1,1.56465
120838,1,5.90795
120933,1,3.6662
121003,1,2.02848
121467,1,5.51559
121503,1,4.98778
121534,1,5.54826
121971,1,0.897422
122354,1,1.21411
122426,1,4.31966
122519,1,3.84448
122847,1,4.15248
122911,1,4.52092
122922,1,4.52243
123169,1,3.5299
123434,1,4.89119
123933,1,4.26803
124356,1,2.0644
124413,1,1.77696
124459,1,1.10596
124570,1,7.78646
124724,1,2.42898
124728,1,4.63234
124842,1,3.6921
125053,1,1.78051
125152,1,6.03759
125165,1,1.60277
125238,1,5.73376
125381,1,2.83553
125501,1,1.9174
125543,1,3.3701
125572,1,0.466501
125697,1,2.18145
125760,1,2.11272
126037,1,0.977882
126391,1,1.23648
126536,1,7.32025
126578,1,4.54539
126748,1,4.10891
126989,1,7.64818
127003,1,2.17193
127025,1,1.25312
127182,1,2.78544
127184,1,3.02881
127202,1,4.10246
128187,1,0.995026
128345,1,3.28442
128429,1,4.45193
128552,1,5.62269
128867,1,1.31662
129040,1,0.486664
129056,1,9.34154
129499,1,3.62348
129811,1,4.25041
129972,1,6.86816
130164,1,5.65807
130265,1,0.959569
130284,1,4.98041
130647,1,2.94218
130709,1,4.33699
131595,1,3.03565
131634,1,0.433597
131641,1,6.64921
132082,1,0.827611
132158,1,4.47905
132170,1,3.11163
132273,1,1.04891
132285,1,3.93891
132286,1,0.415583
133296,1,2.98308
133462,1,6.24397
133512,1,1.7266
133629,1,1.75734
134013,1,2.43096
134184,1,1.79984
134686,1,3.74563
135093,1,1.25147
135148,1,2.22324
135301,1,3.76696
135497,1,3.53088
135511,1,4.21628
135596,1,6.30822
135665,1,2.35024
135756,1,2.28206
135931,1,6.69246
135989,1,3.41124
136297,1,9.38215
136360,1,6.68291
136449,1,2.55875
136531,1,4.2924
136910,1,3.41852
137207,1,1.09013
137312,1,2.73572
137380,1,1.20412
137503,1,2.83055
137670,1,3.54818
137691,1,2.45206
137692,1,5.9929
137864,1,1.31805
138707,1,1.75499
138747,1,2.63688
139024,1,0.755916
139368,1,5.766
139499,1,5.94835
139936,1,3.64929
140186,1,0.930376
140240,1,1.77439
140510,1,1.82529
140549,1,3.52727
140733,1,4.97915
140802,1,4.41375
140980,1,5.41297
141440,1,3.47063
141462,1,4.05611
141468,1,2.97904
141614,1,0.267249
141808,1,2.33015
141891,1,0.763878
142194,1,5.15273
142348,1,3.75881
142843,1,7.19856
143263,1,2.76077
143265,1,5.0333
143329,1,4.38138
143358,1,6.34525
143450,1,5.28304
144199,1,1.12342
144493,1,5.70998
144687,1,4.81348
144808,1,2.52161
144823,1,3.65791
144963,1,4.86485
144964,1,2.34594
145104,1,5.36989
145279,1,2.15684
145364,1,0.529998
145380,1,2.20643
145470,1,2.58055
145659,1,4.91181
146900,1,2.08373
147081,1,8.10366
147255,1,4.67106
147498,1,8.6761
147831,1,1.1063
147885,1,3.24397
147944,1,5.08299
148888,1,4.84844
149020,1,0.453066
149039,1,6.10781
149227,1,1.3065
149473,1,6.2213
149653,1,6.05004
149674,1,3.61369
149705,1,5.33526
149756,1,6.48091
149951,1,2.61008
150005,1,8.05596
150025,1,6.99464
150129,1,3.29893
150327,1,8.34728
150480,1,5.32664
150588,1,2.85
150765,1,4.85366
150881,1,2.57088
150892,1,4.88941
150988,1,7.75423
151060,1,0.359724
151305,1,1.2789
151779,1,3.54867
151898,1,1.0019
152431,1,2.42465
152605,1,2.98304
152715,1,2.51043
153094,1,1.9363
153654,1,1.33186
153661,1,9.63543
153689,1,6.842
153879,1,3.0357
153988,1,0.214348
154276,1,4.97333
154640,1,0.891143
154804,1,2.75891
155005,1,4.67342
155305,1,2.35383
155853,1,7.98904
156254,1,0.590845
156437,1,0.590416
156542,1,1.88379
157165,1,7.51415
157388,1,3.71243
157523,1,2.45696
157742,1,2.84027
158082,1,3.49556
158789,1,0.270831
158814,1,4.00516
158837,1,5.95373
158842,1,3.14567
159100,1,2.85323
159168,1,3.30842
159521,1,4.50475
159669,1,2.47196
159693,1,5.28556
159701,1,5.44204
159921,1,4.56697
160017,1,1.71211
160046,1,3.20786
160190,1,5.00128
160235,1,4.43338
160372,1,6.39197
160431,1,3.11826
160705,1,1.64871
160978,1,1.75641
161012,1,2.24128
161152,1,1.82721
161251,1,5.36055
161569,1,3.77713
161604,1,1.20713
161644,1,2.86124
161944,1,1.027
162076,1,3.22123
162371,1,3.22291
162457,1,2.76836
162516,1,4.23641
162596,1,0.549455
162798,1,1.29998
163321,1,4.03253
163716,1,2.72325
164059,1,3.02245
164115,1,3.83963
164310,1,3.05636
164383,1,4.65721
164615,1,1.79571
164726,1,5.67365
164741,1,3.54507
164781,1,4.9073
164827,1,4.95209
164889,1,2.56971
165094,1,6.64521
165724,1,2.83043
165843,1,3.73866
165847,1,1.74709
165900,1,2.75912
165934,1,2.79977
166149,1,8.37479
166228,1,3.33554
166295,1,1.3016
166342,1,4.76744
166627,1,1.65336
166709,1,4.58091
166747,1,3.21341
166887,1,2.09642
166893,1,0.993062
167084,1,4.84105
167490,1,6.39093
167497,1,2.89433
167792,1,5.72581
167989,1,0.87299
168428,1,0.472615
168490,1,7.09046
169139,1,1.33271
169195,1,4.0199
169276,1,4.52942
169305,1,0.279521
169309,1,0.445876
169419,1,3.3012
169484,1,1.60662
169669,1,4.47022
169772,1,0.973009
169860,1,4.50476
170130,1,3.79879
170297,1,0.301371
170366,1,0.593571
170418,1,7.12675
170451,1,7.44104
170560,1,3.19418
170682,1,0.291776
170922,1,4.46583
171209,1,7.91761
171253,1,4.84815
171375,1,5.94045
171446,1,3.27509
171657,1,4.6129
171830,1,3.62218
171839,1,3.56801
171881,1,2.54558
171890,1,1.27293
172150,1,4.96855
172262,1,4.04202
172342,1,5.65751
172381,1,1.53734
172470,1,2.2308
172489,1,1.03889
172565,1,0.813714
172622,1,4.60334
172654,1,3.73001
172695,1,6.23154
172977,1,5.79011
173496,1,5.83521
173711,1,6.5331
174137,1,1.04561
174471,1,6.0347
174660,1,2.18039
174694,1,1.35049
174860,1,1.92653
175040,1,2.70074
175687,1,3.66387
175969,1,3.06334
176277,1,2.85489
176352,1,4.80226
176385,1,3.29104
176836,1,7.42362
177245,1,2.63893
177281,1,3.09054
177301,1,0.299137
177374,1,5.06342
177389,1,2.76435
177415,1,1.22844
177437,1,6.71578
177467,1,3.49079
177590,1,0.3642
177609,1,0.474286
177789,1,0.984076
178184,1,4.20848
178392,1,4.16481
178614,1,1.18777
178740,1,3.16016
178994,1,3.81106
179092,1,4.03684
179204,1,4.45313
179216,1,4.54358
179263,1,8.3315
179330,1,3.39839
179620,1,5.21547
179623,1,2.25666
179892,1,7.60164
179978,1,3.74866
180253,1,2.82464
180321,1,7.73072
180449,1,6.94688
180455,1,2.18065
180550,1,4.98453
180637,1,2.16353
180639,1,2.69033
181052,1,1.69813
181571,1,3.52227
181613,1,5.32576
181691,1,9.5893
182138,1,6.90579
182912,1,0.739764
183037,1,3.96623
183186,1,0.433657
183535,1,7.04051
183761,1,5.783
184083,1,0.691613
184093,1,0.438478
184359,1,5.55151
184460,1,0.967926
184703,1,0.989048
184727,1,2.33264
184844,1,2.74243
184910,1,9.21213
184960,1,0.373677
185724,1,4.16815
185789,1,6.17818
185834,1,1.72268
185844,1,2.37904
185992,1,3.84001
186058,1,1.64932
186160,1,0.597581
186172,1,4.0474
186230,1,2.88469
186297,1,4.76608
186299,1,5.10653
186543,1,4.23298
186730,1,4.4811
187003,1,5.06767
187616,1,2.90045
188098,1,5.56253
188300,1,2.56812
188489,1,1.69524
188722,1,5.19752
188837,1,1.81021
189178,1,0.574287
189252,1,0.289045
189413,1,3.06156
189525,1,5.83354
189526,1,4.47561
189580,1,6.64974
190288,1,2.53685
190331,1,3.03884
190729,1,1.26213
190797,1,0.68441
190926,1,2.06577
191001,1,6.17834
191188,1,4.13847
191250,1,5.59313
191575,1,2.53707
191620,1,2.40486
191951,1,2.86814
191974,1,7.34454
192488,1,1.52007
192621,1,5.36553
192801,1,1.03425
193072,1,2.71619
193123,1,3.63016
193130,1,2.83747
193194,1,2.19212
193427,1,0.598197
193645,1,3.63149
194348,1,1.57444
194380,1,0.352031
194716,1,3.12523
194777,1,0.646703
194815,1,1.16337
194952,1,0.805556
195315,1,5.28999
195350,1,3.08077
195353,1,1.06974
195717,1,1.00646
195779,1,5.01496
196339,1,1.95418
196468,1,1.60436
196586,1,2.07562
196615,1,7.35402
196756,1,1.97901
196790,1,3.17555
196891,1,6.08018
196912,1,2.02359
197411,1,5.25809
197441,1,1.44871
197460,1,6.22393
197556,1,7.39285
197582,1,2.31561
197815,1,3.39036
197969,1,3.74483
198565,1,1.36726
198754,1,5.06748
198793,1,1.38917
199042,1,2.99469
199669,1,3.62043
199702,1,3.95737
199814,1,4.42106
199890,1,2.45591
199961,1,2.11104
199976,1,3.85568
200090,1,6.93512
200225,1,2.55765
200353,1,3.76032
200792,1,5.43931
201265,1,6.58132
201389,1,1.42571
201446,1,0.728743
201511,1,5.70823
201738,1,1.89628
201817,1,2.28378
201824,1,2.717
201870,1,0.917904
201925,1,5.08539
202006,1,2.95588
202145,1,1.74266
202497,1,5.02968
202519,1,0.853658
202607,1,4.90328
202620,1,5.39531
202647,1,2.8588
203175,1,5.18687
203180,1,1.47107
203188,1,0.642271
203673,1,4.50913
203887,1,0.233642
204351,1,9.41221
204378,1,4.72104
204498,1,8.19276
204874,1,8.78261
204884,1,5.34461
205489,1,5.13219
205539,1,6.7804
205726,1,3.38036
205787,1,8.36729
205912,1,3.22031
206268,1,5.65933
206614,1,3.04905
206679,1,2.7593
206745,1,5.76164
207102,1,3.78965
207283,1,5.59046
207468,1,5.07325
207487,1,3.64164
207500,1,4.42832
207521,1,1.38305
207525,1,6.66648
207527,1,2.66916
207594,1,4.45929
207665,1,6.70696
207923,1,2.3175
207951,1,4.73495
208112,1,3.49846
208473,1,2.47337
208735,1,2.06179
209060,1,4.95916
209084,1,0.936464
209264,1,2.48024
209543,1,1.34727
209619,1,5.05935
209921,1,6.6857
210203,1,6.332
210554,1,5.08298
210997,1,4.71228
211017,1,2.4497
211116,1,2.99364
211477,1,3.46932
211657,1,2.66053
211820,1,3.22348
212155,1,3.58231
212251,1,0.761476
212254,1,3.01064
212816,1,5.85549
212889,1,7.67615
212993,1,2.94854
213046,1,0.375094
213054,1,6.09772
213166,1,3.3931
213219,1,6.95221
213296,1,6.05439
213356,1,5.34116
213534,1,3.08144
213700,1,0.731479
213931,1,0.417105
213942,1,6.06154
214292,1,3.00846
214333,1,7.28377
214551,1,5.13427
214567,1,5.7407
214594,1,4.56228
214652,1,4.93271
214890,1,4.7615
214967,1,0.222443
215081,1,0.327198
215088,1,7.58134
215128,1,4.7599
215155,1,3.41636
215228,1,3.78548
215412,1,5.56052
215520,1,0.762983
215677,1,2.37833
215702,1,3.24117
215960,1,4.77544
216175,1,9.0623
216467,1,5.88969
216477,1,4.96811
216845,1,2.05146
217076,1,2.56298
217129,1,4.91241
217289,1,4.47154
217343,1,3.21877
217475,1,1.62527
217867,1,1.26262
218177,1,4.63625
218644,1,6.61797
218696,1,2.75823
219598,1,2.04335
219702,1,0.488327
219855,1,4.1658
220759,1,0.738475
220961,1,2.19806
221110,1,6.09248
221243,1,4.14364
221533,1,2.77305
221970,1,1.83515
222585,1,3.24181
222621,1,1.58548
222665,1,0.877489
222708,1,4.90893
222798,1,3.95469
223133,1,2.83735
223191,1,5.63477
223649,1,4.69978
223832,1,0.215421
225127,1,2.4471
225151,1,4.00227
225158,1,3.39739
225179,1,0.670953
225278,1,3.94272
225303,1,1.54459
225558,1,0.299014
225601,1,4.70934
225843,1,1.97179
226132,1,4.93858
226622,1,1.56976
226798,1,4.54497
226828,1,2.35102
226895,1,4.96028
226947,1,3.66966
227417,1,8.60236
227457,1,8.90782
227583,1,0.214049
227730,1,9.10137
227937,1,3.86163
228037,1,3.2007
228101,1,0.204736
228307,1,0.910616
228469,1,2.75991
228730,1,0.256936
228753,1,0.941026
228945,1,0.520622
228947,1,5.95505
229365,1,3.44759
229414,1,5.15651
229479,1,5.04489
229494,1,1.0261
229690,1,3.33014
229772,1,4.01805
229790,1,3.77206
229837,1,5.44235
229957,1,2.98929
230318,1,3.9965
230399,1,6.61911
230574,1,5.58292
230756,1,0.913822
231427,1,4.38284
231440,1,4.96746
231549,1,5.87855
231650,1,5.40512
231723,1,0.734356
231876,1,1.19363
232090,1,8.00083
232759,1,4.64655
232864,1,4.77963
233058,1,5.13783
233082,1,6.22393
233150,1,0.550725
233280,1,5.65921
233931,1,3.888
234381,1,2.77958
234483,1,4.95258
234545,1,4.37898
234630,1,4.30087
234639,1,8.09225
235069,1,5.22595
235271,1,7.67798
235484,1,3.95651
235532,1,5.00657
235618,1,1.92284
235987,1,0.819993
236242,1,5.70308
236253,1,3.58607
236473,1,3.93663
236506,1,3.30835
236639,1,4.81923
236859,1,4.04806
236941,1,0.594699
237120,1,1.51659
237177,1,6.08894
237706,1,1.91797
238075,1,5.23705
238130,1,0.802656
238283,1,3.05667
238491,1,3.26095
238890,1,4.12577
239019,1,9.77184
239070,1,5.21403
239382,1,5.38665
239453,1,0.413461
239706,1,5.77602
239885,1,3.06554
240217,1,3.20569
240394,1,3.3653
240474,1,6.88533
240495,1,3.64139
240538,1,1.10362
240549,1,5.61919
240801,1,2.38507
240958,1,3.28883
241047,1,2.75721
241658,1,4.77511
242183,1,5.46452
242205,1,1.08173
242474,1,0.747855
242504,1,3.53454
242530,1,2.83916
242656,1,6.70623
242675,1,6.39118
243163,1,1.56039
243405,1,3.08415
243483,1,5.94371
243735,1,3.74359
243787,1,6.62898
244251,1,3.89544
244489,1,3.66104
244695,1,1.67579
244802,1,2.5985
244987,1,2.01732
245269,1,4.56145
245465,1,1.84831
245669,1,0.442023
245731,1,3.7852
246016,1,1.07773
246032,1,8.10245
246255,1,1.04373
246588,1,1.98069
246608,1,2.59685
247161,1,2.74243
247253,1,6.16722
247292,1,1.65355
247352,1,4.42433
247627,1,0.207636
247629,1,3.1512
247836,1,6.06937
247924,1,2.17566
248087,1,2.14038
248238,1,2.43809
248249,1,7.94921
248252,1,7.27334
248282,1,3.1265
248980,1,7.38115
249183,1,2.63675
249298,1,3.57233
249413,1,0.347951
249609,1,2.67012
249930,1,0.513376
250188,1,1.25187
250233,1,5.00076
250263,1,2.95654
250394,1,3.49277
250763,1,4.39723
250774,1,6.53995
251217,1,1.68976
251301,1,0.253612
251465,1,3.98361
251832,1,0.826072
252020,1,0.727609
252265,1,6.72906
252694,1,5.18018
252879,1,1.69165
253157,1,3.19644
253419,1,2.91478
253597,1,5.53832
253987,1,4.30564
254095,1,2.75615
254165,1,5.07005
254285,1,2.23531
254352,1,6.58794
254521,1,1.94846
255005,1,0.917688
255341,1,2.7348
255928,1,2.56744
255979,1,5.53155
256153,1,2.2525
256290,1,4.95462
256377,1,5.41699
256837,1,2.79678
257181,1,2.46275
257598,1,1.54677
257617,1,4.91536
257844,1,3.24738
257875,1,3.03775
258447,1,6.05554
258482,1,4.39997
258633,1,5.24809
258707,1,3.82375
258773,1,9.48917
258991,1,2.89747
259226,1,6.4007
259260,1,0.26744
259483,1,3.91942
259508,1,4.67188
259586,1,2.33294
259600,1,1.26311
259609,1,2.59071
259760,1,2.85732
260029,1,4.90435
260376,1,6.75268
260448,1,3.78538
260479,1,5.25723
260738,1,1.72511
261255,1,0.288384
261327,1,1.50544
261775,1,6.50593
261814,1,4.54399
262371,1,2.03638
262377,1,4.48314
262390,1,0.928461
262580,1,5.719
262585,1,3.76571
262615,1,1.77364
262631,1,3.20891
262721,1,2.6881
262871,1,4.63968
263086,1,1.44649
263148,1,3.57224
263263,1,0.440348
263374,1,7.44286
263447,1,5.09023
263528,1,5.17608
263609,1,9.21567
264062,1,2.13149
264418,1,1.47386
264712,1,2.26477
264924,1,0.509259
265224,1,3.18613
265353,1,0.605911
265575,1,5.61912
265761,1,4.92796
265982,1,4.82021
265987,1,4.06235
266059,1,3.70531
266128,1,0.26813
266160,1,8.34201
266168,1,3.58071
266246,1,1.76595
266249,1,3.40806
266282,1,4.47991
267011,1,3.94834
267227,1,3.27949
267574,1,0.685275
267618,1,8.92962
267630,1,4.67198
268337,1,3.27946
268435,1,3.49328
268465,1,1.95182
268505,1,2.84454
268700,1,1.99842
269186,1,0.435022
269299,1,7.90859
269392,1,4.75539
269436,1,4.7583
269513,1,0.737298
269583,1,1.03823
269738,1,3.46882
269822,1,5.16127
270041,1,4.14965
270124,1,3.43878
270152,1,1.02305
270489,1,1.93399
270864,1,1.7671
271014,1,6.27499
271189,1,5.01046
272194,1,6.07492
272200,1,2.46025
272442,1,2.20175
272622,1,0.202306
272743,1,5.92168
272771,1,4.92784
272958,1,6.6976
273169,1,0.503327
273446,1,3.37526
273508,1,4.81439
273511,1,4.63161
273716,1,1.53382
274006,1,2.76274
274042,1,3.6303
274149,1,2.4571
274431,1,5.32394
274581,1,1.32182
274917,1,0.506942
274987,1,2.20557
275028,1,6.831
275118,1,0.866211
275162,1,8.55579
275290,1,0.626702
275322,1,5.0241
275450,1,0.539406
275761,1,7.50673
275786,1,4.56918
275851,1,6.14173
276289,1,3.30201
276466,1,6.7004
276594,1,4.81777
276710,1,1.1199
276800,1,3.44335
277286,1,1.8764
277291,1,2.95648
277461,1,6.11271
277842,1,4.70807
277861,1,3.31307
277885,1,4.34994
278086,1,1.26794
278133,1,3.78001
278224,1,3.2045
278242,1,4.4784
278262,1,1.71387
278460,1,3.00196
278501,1,1.26724
279096,1,9.03686
279146,1,1.45009
279443,1,0.765315
279453,1,3.04458
279672,1,1.78577
279943,1,2.58976
279979,1,3.9297
280040,1,1.88859
280310,1,2.46955
280424,1,4.84497
280613,1,0.433141
281069,1,4.12026
281086,1,5.63606
281151,1,2.29401
281156,1,1.56135
281291,1,3.61988
281309,1,0.261641
281541,1,4.82783
281590,1,4.50764
281624,1,1.91948
281636,1,3.32201
281899,1,4.21556
281912,1,4.20209
282600,1,2.63592
282779,1,0.219009
282875,1,3.45275
282880,1,4.97913
282933,1,5.55521
283258,1,5.53419
283460,1,1.37531
283517,1,3.77457
283679,1,3.70533
283721,1,4.8211
283791,1,0.792068
284402,1,0.673716
284945,1,7.87809
285070,1,5.77302
285199,1,0.954825
285212,1,2.2967
285425,1,3.18983
285656,1,9.32486
285680,1,1.21727
285691,1,2.60431
285944,1,4.07694
286255,1,3.35309
286531,1,3.91172
286635,1,1.75229
286933,1,4.06141
287360,1,5.80076
287633,1,2.03722
288077,1,3.05085
288096,1,0.960046
288142,1,4.31552
288314,1,1.9962
289152,1,3.82555
289190,1,6.82812
289329,1,1.50829
289882,1,2.44908
289899,1,3.47094
289934,1,3.53409
290437,1,1.98487
290442,1,5.32727
290522,1,6.15435
290555,1,3.31627
290711,1,4.8734
290785,1,7.58999
291043,1,0.389721
291604,1,8.90966
291616,1,6.73791
291752,1,1.77942
292441,1,1.50677
292472,1,3.65941
292677,1,5.07236
292701,1,5.88494
293162,1,6.81994
293510,1,1.72734
293659,1,1.8063
293712,1,4.82859
293849,1,1.38584
293866,1,5.96155
294010,1,3.11108
294171,1,2.75361
294313,1,7.05179
294687,1,4.75488
294714,1,2.80471
294910,1,0.653941
295188,1,6.23902
295363,1,4.13979
295524,1,0.366165
295557,1,6.37753
295621,1,4.84198
295623,1,4.96269
296012,1,4.88157
296042,1,2.06871
296155,1,6.88786
296352,1,2.98797
296960,1,8.07402
297051,1,1.19152
297206,1,3.62455
297223,1,7.10184
297320,1,1.0025
297450,1,7.01572
297551,1,4.67365
297840,1,5.96094
298133,1,0.310912
298447,1,0.552985
298528,1,4.52606
298611,1,3.09761
298943,1,4.94679
299077,1,1.59019
299106,1,2.62943
299321,1,7.99374
299346,1,2.04437
299491,1,3.0947
299640,1,5.01979
300072,1,1.13105
300404,1,1.50496
300514,1,2.82888
300630,1,6.58312
300711,1,4.67722
300967,1,4.88362
301583,1,6.58808
301626,1,2.62391
301710,1,4.54513
302025,1,7.05315
302301,1,4.93952
302326,1,3.51494
302527,1,0.722684
302532,1,6.00485
302785,1,3.04028
302875,1,9.73887
303471,1,5.82096
303527,1,4.06847
303543,1,6.69591
303662,1,2.3988
304011,1,0.96407
304044,1,6.7513
304057,1,3.761
304434,1,4.69758
304590,1,4.58231
305299,1,8.53186
305330,1,2.49119
305401,1,2.03713
305418,1,4.57111
305538,1,4.33237
305765,1,3.36192
305996,1,4.26164
306007,1,4.53478
306216,1,6.32963
306221,1,6.7625
306276,1,5.08087
306347,1,9.85494
307461,1,1.09734
307505,1,6.73253
307525,1,0.45048
307584,1,7.49483
307697,1,0.952099
307824,1,4.15782
307858,1,0.510469
307917,1,7.5405
307932,1,2.31789
308064,1,4.50001
308232,1,4.88158
309038,1,5.27257
309221,1,6.26058
309247,1,2.28059
309397,1,1.12067
309409,1,0.776642
309488,1,3.4347
309694,1,1.91624
309924,1,3.85053
310584,1,5.12921
311203,1,6.10982
311205,1,4.49534
311304,1,4.34807
311307,1,3.3322
311542,1,5.66474
311688,1,4.53745
311810,1,2.38571
311932,1,5.68397
311981,1,2.99976
312051,1,1.10752
312157,1,2.25691
312519,1,4.40045
312609,1,4.72477
313333,1,2.73268
314457,1,0.717439
314500,1,3.4205
314820,1,1.90955
314922,1,2.16573
315209,1,4.30107
315714,1,4.45077
315749,1,3.80042
315821,1,0.790525
315852,1,3.66805
315984,1,3.53062
316018,1,2.87432
316072,1,2.02713
316282,1,2.6093
316471,1,1.73262
316486,1,2.94894
316853,1,4.02831
316955,1,0.513076
316956,1,6.43807
317307,1,9.67603
317309,1,1.227
317319,1,3.83751
317348,1,4.8456
317484,1,1.57006
317679,1,1.24884
317740,1,3.7337
317812,1,0.774509
317932,1,4.79025
318465,1,6.21125
318963,1,0.38537
319253,1,4.2916
319368,1,3.24261
319510,1,3.81667
319586,1,3.83488
319715,1,2.43751
319802,1,4.166
319998,1,4.51945
320042,1,6.27363
320095,1,1.54479
320250,1,5.31225
320370,1,5.4069
320596,1,5.22792
320933,1,5.36467
321375,1,2.55926
321444,1,2.43885
321704,1,5.09709
321744,1,2.4266
322047,1,2.69528
322299,1,5.95925
322380,1,6.53719
322611,1,0.929779
322722,1,6.12877
323117,1,1.29782
323845,1,4.90405
324266,1,2.67984
324396,1,5.03283
324760,1,1.21548
324847,1,8.48544
324848,1,2.3818
324966,1,0.76291
325348,1,1.13358
325355,1,3.50821
325396,1,6.30136
325446,1,3.76746
325733,1,2.09154
325841,1,5.53637
326127,1,4.78936
326378,1,1.19298
326843,1,4.50779
327187,1,0.609132
327221,1,3.48404
327329,1,6.53608
327350,1,5.584
327601,1,5.58466
327620,1,1.91057
327699,1,6.45646
327822,1,2.30056
327896,1,5.57908
328036,1,2.8518
328059,1,5.57548
328242,1,4.51545
328426,1,1.60247
328432,1,5.67001
329170,1,1.07113
329330,1,6.99579
329429,1,3.01975
329518,1,6.76793
329913,1,1.54175
330079,1,2.43155
330181,1,0.721234
330527,1,3.56861
330675,1,1.2673
330733,1,3.40496
331282,1,2.65809
331527,1,4.59631
331763,1,5.85489
331825,1,1.91391
331828,1,0.773346
332106,1,7.6583
332251,1,0.552782
332415,1,0.727802
332865,1,3.00858
332943,1,1.83984
333022,1,4.35341
333221,1,1.28842
333409,1,4.21538
333473,1,0.590039
333507,1,1.55354
333556,1,5.57421
333753,1,4.84536
333953,1,9.83621
334065,1,1.3375
334281,1,2.95427
334523,1,6.20457
334558,1,3.79373
334853,1,0.453672
334985,1,1.8925
335146,1,4.11151
335249,1,2.59644
335631,1,4.87525
335704,1,0.975916
336028,1,5.04985
336074,1,1.78872
336115,1,4.52527
336717,1,4.97389
336944,1,5.01066
337211,1,5.20437
337544,1,3.44453
337560,1,3.05706
337670,1,0.4565
338357,1,6.92593
338489,1,4.16643
338769,1,1.34422
338967,1,3.90538
339033,1,2.55825
339119,1,5.56447
339161,1,1.19018
339273,1,7.08722
339281,1,1.92093
339306,1,4.33248
339457,1,1.56994
339617,1,5.48594
339833,1,2.95399
340044,1,6.83751
340119,1,3.29508
340121,1,1.35932
340153,1,3.17099
340411,1,4.7512
340531,1,0.570951
340544,1,3.94826
341058,1,3.48055
341259,1,1.96623
341291,1,5.96198
341614,1,1.395
341888,1,2.35838
341963,1,5.0277
342068,1,2.14396
342144,1,3.94115
342152,1,3.1044
342292,1,0.737528
342600,1,2.2482
342713,1,0.630053
342764,1,8.14122
342920,1,3.25487
343154,1,0.476136
343313,1,6.21741
343885,1,1.34377
344008,1,5.3212
344038,1,2.56146
344063,1,3.98405
344115,1,4.34935
344360,1,3.01347
344487,1,6.19309
344859,1,2.83709
345040,1,3.49831
345042,1,4.22947
345136,1,4.38664
345236,1,1.1769
345242,1,1.47693
345449,1,1.16812
345698,1,0.487761
345703,1,1.98837
346046,1,9.03121
346067,1,1.64239
346127,1,0.791268
346349,1,2.16475
346393,1,2.95429
346536,1,1.67251
346622,1,7.49151
346833,1,1.62273
347287,1,4.82197
347289,1,3.20436
347507,1,0.901153
347704,1,2.80828
347981,1,5.24334
348160,1,3.13271
348162,1,4.93661
348315,1,0.299581
348469,1,2.26211
349229,1,3.04969
350101,1,0.526304
350171,1,2.78501
350399,1,2.61524
350448,1,5.78247
350678,1,1.1116
350855,1,4.4167
351148,1,6.92482
351496,1,8.39094
351872,1,4.66787
351932,1,1.12162
352158,1,5.04136
352268,1,8.94499
352271,1,4.44046
352684,1,2.49795
352950,1,4.82691
353007,1,2.66926
353102,1,3.81203
353586,1,7.56831
353831,1,0.957721
353847,1,4.64112
353999,1,6.06794
354363,1,9.55975
354402,1,3.69917
354864,1,3.75882
354874,1,1.57187
355006,1,0.25969
355010,1,0.224703
355245,1,4.37242
355256,1,1.33392
355526,1,4.88452
356011,1,1.64615
356035,1,5.15447
356465,1,5.16433
356621,1,4.93331
356653,1,1.7958
356778,1,5.8239
356941,1,0.200413
356997,1,0.460787
356999,1,1.51434
357522,1,4.50726
358012,1,5.54266
358097,1,4.81346
358700,1,6.83769
358708,1,4.76818
358711,1,3.65252
358808,1,2.05587
359048,1,3.45622
359167,1,5.46629
359296,1,3.45701
359331,1,5.66455
359419,1,2.937
359863,1,4.65407
360172,1,2.12715
360584,1,2.91673
360701,1,3.33249
360787,1,1.58711
360820,1,4.91446
360874,1,5.80174
361077,1,7.2012
361262,1,5.11265
361340,1,3.9638
361469,1,5.6163
361508,1,1.86968
361614,1,5.73443
361790,1,2.0631
361960,1,6.18386
362002,1,5.63799
362033,1,4.01425
362063,1,2.39253
362404,1,2.44142
362564,1,2.80776
362598,1,4.16441
362690,1,0.465282
362949,1,0.844069
362987,1,4.9956
363167,1,8.22603
363268,1,6.91734
363425,1,1.23187
363448,1,4.53688
363453,1,2.30726
363458,1,2.8295
363997,1,1.08554
364026,1,3.34608
364133,1,1.52979
364233,1,1.60241
364409,1,5.40937
364455,1,0.960085
364511,1,1.78859
364515,1,7.34675
364670,1,1.11202
364761,1,5.5248
364855,1,1.00512
365081,1,4.12822
365848,1,1.6616
365906,1,2.17746
365967,1,4.80239
366050,1,4.93818
366483,1,0.30045
366880,1,2.22127
367151,1,2.77578
367262,1,7.32616
367514,1,1.41121
368029,1,8.13358
368092,1,2.83233
368127,1,5.22206
368196,1,5.67787
368393,1,6.01066
368854,1,2.97909
369175,1,2.00104
369303,1,4.59652
369455,1,3.61248
369618,1,2.19006
369763,1,2.46173
369774,1,4.95364
369817,1,6.54551
370010,1,2.93419
370270,1,6.74754
370735,1,4.9872
370964,1,4.54799
370999,1,0.707721
371135,1,5.41843
371424,1,2.45107
371670,1,3.75207
371759,1,0.813737
372182,1,4.29522
372183,1,2.08348
372353,1,0.703009
372430,1,1.49296
372694,1,6.08237
372730,1,4.08924
372886,1,2.64713
373011,1,3.01216
373068,1,3.5499
373111,1,7.39102
373138,1,3.53312
373502,1,3.61349
373563,1,1.76237
373664,1,2.34996
373996,1,6.92887
374384,1,5.63509
375056,1,3.54249
375204,1,2.08143
375760,1,6.85794
375984,1,6.6294
376105,1,1.68431
376459,1,6.30729
376840,1,3.9684
376958,1,4.7965
377047,1,5.62581
377366,1,3.7691
377525,1,1.43438
377699,1,6.19872
377803,1,4.25463
378050,1,4.41098
378119,1,1.46673
378713,1,7.37981
378724,1,3.81356
378855,1,3.4357
379321,1,7.22257
379425,1,3.38658
379693,1,1.44707
379724,1,5.04853
379944,1,4.67076
380063,1,1.1631
380293,1,4.61595
380356,1,5.43494
380470,1,4.05625
380473,1,1.90139
380513,1,3.72501
380780,1,4.95582
380859,1,1.63259
381089,1,2.60537
381178,1,3.81383
381300,1,5.3989
381326,1,5.33437
381484,1,2.76028
381642,1,5.21733
381711,1,3.32302
381769,1,6.20183
382025,1,4.76379
382071,1,5.26626
382461,1,3.20332
382771,1,3.47316
382846,1,3.02551
382946,1,2.97925
383111,1,6.3912
383153,1,1.3228
383274,1,3.38017
383339,1,0.543361
383370,1,6.26094
383654,1,2.69002
383858,1,0.445533
383967,1,9.14908
384180,1,6.30949
384341,1,7.15883
384395,1,2.86294
384463,1,3.72088
384502,1,5.84521
384619,1,1.1101
384650,1,1.90625
384956,1,3.14876
384973,1,2.87944
385122,1,0.266235
385152,1,5.1566
385246,1,5.28285
385278,1,1.72287
385456,1,5.32395
385483,1,5.33448
385495,1,8.9181
385811,1,0.986763
385954,1,9.41394
386202,1,2.71653
386411,1,2.29113
386758,1,5.56461
386932,1,1.04021
386956,1,7.9686
387033,1,7.13968
387037,1,4.51591
387841,1,2.19665
388152,1,0.786811
388777,1,1.83704
388970,1,1.82202
388991,1,4.18183
389130,1,2.73862
389433,1,0.464407
389887,1,3.18412
390062,1,2.37841
390072,1,2.8572
390327,1,5.67518
390875,1,1.22555
391063,1,4.78911
391549,1,3.96147
392236,1,0.824215
392384,1,0.915324
392398,1,4.18321
392761,1,7.51384
392807,1,0.524894
392963,1,3.24824
393313,1,4.79959
393332,1,0.909953
393519,1,3.86247
393622,1,4.30181
393989,1,0.638887
394043,1,3.05954
394386,1,1.13566
394639,1,6.47086
394795,1,2.64966
394910,1,6.6245
395236,1,1.04641
395797,1,1.50712
395964,1,5.79409
396023,1,0.422276
396127,1,0.448062
396392,1,0.592562
396737,1,4.30608
396870,1,3.0063
396905,1,6.30284
397185,1,4.20059
397193,1,3.89721
397565,1,3.92869
398360,1,3.86441
398581,1,2.95179
398738,1,6.37625
398818,1,5.83733
398839,1,5.63783
398843,1,3.43882
398963,1,1.4003
399262,1,9.84964
399738,1,2.03271
399766,1,5.39974
399835,1,1.24074
400269,1,5.67006
400303,1,7.43644
400409,1,7.15293
400479,1,1.5884
400561,1,2.74326
401033,1,3.89619
401059,1,1.71374
401113,1,5.64167
401222,1,2.13632
401230,1,8.42629
401460,1,0.561953
401629,1,4.07849
401642,1,0.54827
402151,1,2.35753
402191,1,6.01233
402365,1,3.81558
402544,1,2.43062
402664,1,0.206083
402747,1,2.90397
402999,1,3.80127
403052,1,3.7927
403412,1,6.24525
403661,1,4.26305
403720,1,4.17122
404173,1,5.97677
404600,1,5.35528
404605,1,2.91786
404734,1,2.33748
404818,1,4.87219
405395,1,4.10352
405479,1,1.25674
405570,1,6.04073
405603,1,6.74881
406075,1,3.32047
406354,1,1.29799
406374,1,5.93469
406489,1,0.652802
407105,1,9.81647
407215,1,0.73063
408345,1,4.10945
408657,1,4.378
408736,1,2.48883
409224,1,2.34291
409441,1,5.83174
410083,1,1.91633
410141,1,3.9711
410557,1,4.52624
410709,1,5.03952
411021,1,1.89726
411365,1,1.38021
411545,1,3.33252
411601,1,4.86511
411783,1,0.614884
412180,1,4.83353
412815,1,4.26073
413044,1,5.40462
413125,1,8.43217
413304,1,1.20438
413619,1,2.53667
413627,1,4.41119
414112,1,0.455838
414237,1,0.30052
414286,1,0.861165
414314,1,2.47677
414501,1,4.46621
415087,1,3.2194
415413,1,2.89561
415618,1,4.01751
415721,1,5.54207
416037,1,1.63133
416140,1,1.50111
416338,1,0.399747
416357,1,6.27016
416512,1,4.23504
416524,1,2.6681
416607,1,5.84135
417156,1,0.968247
417164,1,5.22887
417563,1,1.86407
417663,1,1.98762
417664,1,0.531447
417685,1,6.67721
417725,1,2.18514
418034,1,0.242835
418121,1,5.35973
418270,1,1.15173
418292,1,4.97599
418894,1,4.12766
418930,1,3.61245
419589,1,0.748694
419594,1,4.27367
419685,1,6.95274
419855,1,6.5692
419868,1,4.19434
419949,1,5.72507
420007,1,5.18699
420014,1,4.3695
420131,1,4.69847
420485,1,1.67474
420829,1,3.77057
420844,1,2.76052
421091,1,0.486713
421293,1,4.37708
421299,1,5.31481
421359,1,7.2455
421622,1,3.34771
421837,1,3.52609
421896,1,2.63663
421913,1,4.59511
422284,1,6.95407
422304,1,1.61634
422378,1,4.70349
422425,1,2.64878
422758,1,0.535545
422817,1,8.70704
423104,1,7.89727
423166,1,3.20728
423536,1,0.964715
423593,1,7.72801
423674,1,5.28509
423960,1,3.22265
423962,1,2.87684
424093,1,0.941483
424389,1,8.70924
425096,1,3.52495
425197,1,3.40163
425247,1,2.59571
426014,1,5.56817
426226,1,3.07827
426237,1,0.384977
426578,1,4.40173
426589,1,3.02951
426772,1,3.1876
426977,1,9.99256
426984,1,2.77943
427503,1,4.07171
427515,1,0.978896
427567,1,7.54044
427599,1,1.68328
427601,1,5.46863
427640,1,7.66039
427773,1,4.68192
427799,1,4.63839
427802,1,0.759777
427845,1,4.44576
427889,1,6.7187
428025,1,5.79987
428049,1,4.23977
428079,1,3.57851
428370,1,1.19815
428771,1,4.31027
429169,1,0.975485
429211,1,3.42341
429552,1,1.60523
429742,1,0.791902
429811,1,2.88481
429872,1,4.26518
429999,1,0.817329
430626,1,2.95227
430920,1,6.70103
430995,1,5.69369
431157,1,7.90118
431198,1,4.55
431520,1,4.23928
431674,1,2.72772
431947,1,4.39689
432034,1,0.231283
432086,1,3.88266
432804,1,8.04964
432814,1,4.11558
433318,1,5.15056
433839,1,6.37083
434036,1,1.1098
434232,1,1.25865
434321,1,1.31391
434744,1,9.74118
435221,1,4.65126
435235,1,5.48947
435974,1,1.08977
436037,1,1.17869
436101,1,3.69414
436691,1,4.31947
436945,1,8.06823
437242,1,2.77004
437382,1,6.85762
437729,1,0.772437
437779,1,4.05819
437948,1,3.58201
437969,1,3.27194
438028,1,3.1065
438029,1,4.38757
438092,1,1.28719
438586,1,4.55681
438587,1,3.83846
438652,1,0.208613
438716,1,5.21357
438830,1,6.24248
438851,1,4.47171
438935,1,2.31282
439182,1,0.684321
439384,1,0.788058
439428,1,1.83166
439429,1,0.614867
439477,1,0.55658
440110,1,0.553343
440121,1,8.82856
440275,1,1.98338
440358,1,3.657
440493,1,5.58517
440754,1,2.77827
440855,1,6.31568
440934,1,1.70943
440946,1,2.54081
441072,1,4.89387
441328,1,1.64886
441397,1,2.31461
441402,1,7.07916
441666,1,3.80102
441766,1,4.94484
441775,1,1.24095
441836,1,0.782681
442141,1,3.83922
442417,1,6.16809
443225,1,2.13108
443247,1,2.05002
443327,1,6.85305
443350,1,2.58553
443431,1,3.1749
443476,1,7.249
443641,1,0.20573
443738,1,0.488176
444835,1,1.51264
444962,1,2.10032
445021,1,9.27705
445047,1,0.94887
445165,1,4.22002
445520,1,0.475125
445524,1,2.33761
445583,1,4.70145
445890,1,3.35778
445955,1,4.46844
446049,1,0.473681
446246,1,3.82754
446259,1,0.201471
446286,1,8.01694
446485,1,5.13561
446589,1,1.72966
446808,1,0.349417
446848,1,4.28269
446891,1,2.24022
446929,1,3.1198
447237,1,2.11142
447282,1,5.23972
447491,1,3.35378
447505,1,1.88345
447572,1,5.87385
448378,1,5.44038
448415,1,2.83377
449051,1,0.603252
449172,1,3.47055
449587,1,6.11225
449715,1,3.26958
449779,1,0.73382
450091,1,3.57659
450117,1,5.1334
450294,1,9.37785
450323,1,4.57631
450325,1,3.08342
450700,1,3.94645
450708,1,2.01965
450800,1,5.67979
450960,1,1.98979
451094,1,4.13167
451186,1,9.92348
451249,1,3.4422
451404,1,3.25411
451466,1,4.97169
451547,1,5.00088
452045,1,6.19353
452280,1,3.8111
452281,1,5.84138
452312,1,2.70388
452556,1,6.77421
452902,1,0.490962
453025,1,6.40865
453136,1,2.60234
453318,1,7.73171
453416,1,4.72393
453661,1,4.34315
453677,1,0.224956
453734,1,0.797359
454038,1,4.37709
454093,1,5.46709
454147,1,5.98248
454296,1,3.25085
454350,1,2.55502
454572,1,1.40278
454616,1,0.335849
454679,1,1.59126
455285,1,2.24581
455459,1,1.34733
455478,1,0.218934
455490,1,4.54065
455740,1,5.09337
455961,1,2.95976
456583,1,2.68204
456591,1,4.06239
456633,1,2.55303
456835,1,2.35262
457099,1,1.27669
457110,1,3.36134
457281,1,3.23858
457477,1,0.28168
457658,1,2.51943
457970,1,5.88152
458083,1,6.02852
458264,1,2.55673
458855,1,5.46747
458954,1,1.99646
458977,1,8.54873
459108,1,7.79789
459530,1,2.81607
459882,1,0.776424
460121,1,5.03223
460190,1,4.43323
460419,1,1.20003
460571,1,4.17948
460580,1,0.38163
460839,1,4.67062
460944,1,5.02386
461384,1,4.36863
461395,1,5.19954
461819,1,1.05236
462192,1,2.5321
462205,1,8.0154
462652,1,0.61084
463099,1,8.68611
463348,1,5.30135
463379,1,5.79337
463384,1,2.28048
463677,1,4.20963
463925,1,3.87233
464074,1,4.44258
464203,1,3.04709
464234,1,4.446
464287,1,2.19577
464685,1,4.55566
464753,1,1.11014
464836,1,3.04674
464929,1,3.57174
465031,1,2.21627
465264,1,4.32253
465425,1,7.59297
465430,1,3.50853
465896,1,8.25191
465962,1,3.594
466422,1,4.23206
466427,1,1.99156
466451,1,5.65238
466476,1,5.37343
466651,1,7.12718
466680,1,3.82219
467011,1,4.44122
467333,1,2.73271
467558,1,3.06621
467636,1,3.79168
467701,1,2.52252
467892,1,4.30877
467962,1,0.432103
468285,1,2.40643
468363,1,3.12497
468378,1,4.62718
468405,1,4.12766
468520,1,4.32866
468703,1,0.771159
468845,1,9.73475
468954,1,3.54389
469068,1,4.21739
469301,1,0.47944
469432,1,2.03017
469491,1,4.07032
469500,1,4.43684
469571,1,3.47951
470102,1,3.62977
470324,1,2.24868
470875,1,3.62558
471098,1,4.24083
471190,1,1.18418
471452,1,1.84298
472090,1,3.06687
472176,1,7.05824
472351,1,2.56479
472365,1,3.10436
472753,1,0.361256
473140,1,4.85021
473229,1,8.02487
473485,1,2.84511
474199,1,3.8331
474200,1,2.43215
474383,1,0.27247
474550,1,1.69387
474572,1,4.26535
475330,1,0.512005
475652,1,2.77137
475677,1,5.49935
475753,1,2.1831
475844,1,3.93853
476019,1,1.06682
476068,1,3.33997
476073,1,2.2744
476164,1,0.788911
476250,1,1.44148
476464,1,4.93095
476466,1,1.0318
476876,1,2.72119
476928,1,2.29279
477106,1,6.43933
477253,1,2.33253
477256,1,3.00057
477496,1,2.09857
477724,1,6.79606
477805,1,3.40529
477881,1,0.487515
478009,1,1.90027
478040,1,2.27773
478518,1,2.72749
478828,1,1.30981
479086,1,9.51435
479513,1,5.50065
479518,1,1.22023
479580,1,0.844887
479601,1,3.25942
479923,1,1.5892
479967,1,4.25932
480065,1,7.56585
480173,1,5.56228
480332,1,5.64092
480512,1,6.31847
480541,1,0.459803
480543,1,4.78731
480704,1,6.27763
480760,1,6.6151
481355,1,4.73418
481516,1,3.00288
481556,1,1.57427
481794,1,4.85822
481863,1,6.37625
482194,1,4.13124
482546,1,5.28195
483030,1,3.83406
483049,1,0.324956
483204,1,3.80698
483293,1,2.1266
483610,1,4.28364
483690,1,6.20973
483720,1,3.62463
483767,1,1.50051
483780,1,1.90749
483904,1,0.686114
484022,1,0.606859
484196,1,3.85575
484326,1,4.36786
484523,1,3.28981
484524,1,2.72756
484597,1,4.06029
485227,1,5.98236
485547,1,7.04537
485558,1,6.06841
485827,1,3.54148
485895,1,4.12905
486171,1,2.94553
486186,1,4.05333
486321,1,1.74697
486492,1,3.63608
486602,1,2.15778
487111,1,5.3807
487252,1,8.05564
487339,1,4.43675
487343,1,2.86156
487457,1,3.69135
487589,1,2.93252
489111,1,3.71126
489168,1,2.63809
489497,1,2.97588
489677,1,0.262458
490131,1,2.79329
490438,1,6.75478
490486,1,3.81584
490776,1,8.45306
490844,1,3.66907
491149,1,4.40341
491157,1,1.94257
491346,1,2.98513
491394,1,3.28425
491787,1,7.3615
492072,1,4.19631
492316,1,8.44602
492485,1,4.11235
492486,1,2.85981
492625,1,3.48769
493135,1,4.22445
493159,1,1.13261
493189,1,9.23132
493246,1,0.225465
493426,1,2.14773
493458,1,1.60359
493472,1,3.35294
493484,1,1.31915
493540,1,2.25636
493936,1,5.94779
494114,1,8.71174
494191,1,0.727376
494828,1,3.71015
495117,1,5.54067
495505,1,2.64531
495733,1,3.2454
495829,1,3.69092
495840,1,3.64419
496046,1,0.284179
496543,1,5.82079
496576,1,5.88207
496877,1,5.60771
497125,1,6.07838
497172,1,0.871336
497780,1,0.417655
498189,1,5.26455
498625,1,1.1529
498814,1,8.52899
498837,1,5.26801
498871,1,5.18329
499145,1,1.15662
499285,1,4.09327
499372,1,2.77613
499402,1,2.2705
500024,1,3.15661
500026,1,0.434715
500379,1,1.50059
500431,1,6.19282
500534,1,9.45456
500854,1,4.72387
501118,1,4.89112
501458,1,5.01836
501596,1,0.596067
501748,1,3.71754
501836,1,4.47644
502291,1,6.09927
502702,1,5.34288
502981,1,5.18289
503075,1,3.97596
503103,1,1.52569
503201,1,3.22831
503892,1,3.28824
504029,1,0.37129
504044,1,4.97281
504206,1,4.7492
504475,1,5.54126
504526,1,3.09653
504650,1,5.89783
504682,1,1.71333
504757,1,0.352431
504975,1,2.64572
505008,1,4.87598
505117,1,6.48086
505186,1,1.60818
505236,1,4.12589
505359,1,8.69438
505496,1,5.90228
505702,1,2.30629
506377,1,4.54535
506631,1,4.16214
506833,1,1.57275
507087,1,3.4682
507158,1,5.53473
507596,1,1.79023
507616,1,3.59521
507748,1,0.537465
508133,1,1.56227
508483,1,4.06435
508490,1,1.60318
508564,1,4.49051
508714,1,5.10395
508798,1,2.66015
508859,1,2.18502
509124,1,0.208165
509427,1,7.39768
509985,1,2.55029
510725,1,3.76636
510938,1,4.97892
511035,1,3.38974
511036,1,8.76874
511650,1,5.54753
512316,1,0.356167
512397,1,7.27374
512882,1,2.99003
513274,1,3.08533
513331,1,9.70326
513386,1,2.1206
513853,1,0.916678
514116,1,4.07204
514126,1,1.24477
514242,1,5.49213
514281,1,6.49157
514368,1,3.82884
514384,1,4.54531
514503,1,6.79813
514636,1,0.842179
514731,1,8.17672
514977,1,7.22147
515046,1,4.34133
515048,1,4.02775
515051,1,4.84637
515131,1,2.6992
515504,1,0.983579
515584,1,3.9365
515622,1,3.58806
515684,1,4.87936
515891,1,3.82088
516078,1,3.9358
516085,1,2.16417
516124,1,1.23658
516362,1,3.63021
516417,1,1.01594
516432,1,3.9463
516683,1,3.39476
517345,1,5.49874
517372,1,3.01143
517421,1,1.30945
517614,1,2.87073
517726,1,1.6619
517782,1,1.35839
517854,1,8.41394
518130,1,2.3573
518135,1,2.52878
518280,1,2.4771
518491,1,5.83469
518562,1,0.289212
518610,1,5.46659
518752,1,5.39919
518793,1,5.08787
519137,1,4.31928
519552,1,2.94848
519669,1,6.95097
520025,1,0.204519
520129,1,3.39997
520285,1,3.70957
520320,1,1.17542
520333,1,2.87932
520469,1,4.97593
520825,1,2.03252
520967,1,5.62382
521186,1,4.43246
521360,1,3.50348
521606,1,1.58797
522142,1,3.01371
522293,1,7.54056
522479,1,6.73709
522695,1,0.957619
522738,1,5.05173
523048,1,1.33376
523140,1,5.13201
523182,1,3.17434
523564,1,1.84992
523878,1,4.27133
523906,1,5.65256
524009,1,2.49934
524100,1,4.62179
524700,1,4.33538
524773,1,8.41662
524800,1,0.232988
524836,1,3.62441
524897,1,5.86314
524945,1,7.53533
524993,1,2.78852
525170,1,2.94527
525256,1,4.00393
525603,1,7.27501
525883,1,5.89249
526626,1,1.37763
526702,1,7.30614
527130,1,2.19247
527231,1,3.62149
527457,1,5.86073
527550,1,2.21682
527736,1,4.69258
527819,1,2.14527
528072,1,8.58122
528096,1,3.75558
528264,1,2.76425
528267,1,0.449029
528403,1,4.53572
528780,1,0.626887
529273,1,0.370793
530154,1,1.05992
530307,1,5.38827
530370,1,3.7928
530420,1,2.29945
530712,1,0.468779
530776,1,5.77296
530977,1,2.52727
531187,1,8.04429
531717,1,3.47142
531920,1,3.69772
531996,1,1.6563
532021,1,0.458028
532093,1,2.67695
532113,1,5.01264
532272,1,5.81228
532461,1,1.62885
532484,1,8.91204
532627,1,3.40308
532816,1,3.41409
532930,1,7.01168
533061,1,0.738702
533268,1,3.3043
533498,1,2.16377
533534,1,5.68841
533591,1,0.878974
533619,1,0.48688
533728,1,8.7266
533805,1,4.56305
533839,1,6.0667
533842,1,7.58607
533996,1,5.7948
534096,1,5.63576
534830,1,6.7787
535017,1,2.04752
535079,1,2.84226
535366,1,2.07211
535414,1,5.70554
535460,1,4.04995
535512,1,1.76902
535594,1,0.716344
535671,1,9.93296
535685,1,2.75463
535934,1,4.11829
536046,1,5.67873
536095,1,2.17871
536441,1,0.344689
536576,1,4.57905
536687,1,4.34791
536788,1,1.94015
536873,1,4.34282
536988,1,5.65771
537399,1,4.67239
537417,1,2.00151
537857,1,2.93756
538035,1,2.26812
538238,1,3.44619
538606,1,4.67523
539431,1,5.90348
539718,1,5.45386
539730,1,3.38844
539854,1,0.228085
540245,1,2.85905
540314,1,2.03601
540382,1,4.5059
540386,1,4.59757
540880,1,6.57751
541200,1,3.52355
541534,1,4.64953
541668,1,5.80317
541813,1,3.5871
542212,1,3.83913
542268,1,3.85695
542460,1,6.1916
542588,1,2.88301
542638,1,3.6282
542904,1,2.56049
542965,1,2.91147
542992,1,2.87025
543075,1,3.32797
543202,1,3.15378
543380,1,5.13718
543392,1,1.09427
543418,1,6.23172
543579,1,0.685098
543843,1,0.763605
543882,1,5.63134
543956,1,1.17584
544238,1,6.63131
544316,1,0.942068
544344,1,5.74874
544362,1,2.9047
544734,1,0.247312
544761,1,5.64798
544821,1,4.23556
544925,1,3.22836
545185,1,4.4776
545286,1,7.03374
545507,1,5.78009
545516,1,3.57037
545533,1,2.24697
545655,1,5.89675
545682,1,1.24508
546225,1,4.55784
546226,1,4.97795
546364,1,4.43559
546430,1,8.01796
546749,1,4.21095
546754,1,3.46843
546822,1,3.12356
546868,1,0.36589
546879,1,4.19784
546981,1,2.14378
547105,1,2.3699
547146,1,7.24638
547302,1,1.04764
547466,1,3.77899
547592,1,3.82918
547955,1,3.17496
548157,1,1.08365
548246,1,3.4968
548263,1,6.53881
548409,1,6.5421
548631,1,3.27495
548681,1,0.573676
548767,1,4.23129
549041,1,2.55433
549163,1,0.895545
549186,1,2.80224
549202,1,5.7753
549259,1,2.01071
549439,1,6.24779
549598,1,3.20564
549761,1,5.31793
550149,1,1.78203
550238,1,2.05961
550351,1,3.28669
550468,1,1.96428
550495,1,0.233008
550631,1,1.05507
550646,1,2.14009
550714,1,4.4023
550987,1,3.51868
551153,1,3.61648
551246,1,6.35568
551426,1,7.4761
551702,1,2.38154
551994,1,0.312663
552389,1,1.15574
552751,1,5.28655
552774,1,0.356467
553033,1,4.73222
553253,1,4.89321
553538,1,5.618
553694,1,2.39606
554075,1,5.35624
554317,1,0.560314
554363,1,4.38172
554439,1,6.74322
554800,1,3.65655
554833,1,2.78587
554998,1,7.99652
555055,1,3.43534
555428,1,3.95091
555560,1,4.48775
555623,1,4.36468
555655,1,2.21495
555670,1,6.59405
555817,1,5.39094
556008,1,5.15993
556042,1,1.9855
556214,1,4.6532
556219,1,0.558753
556320,1,7.54214
556394,1,2.51207
556586,1,0.281621
556670,1,5.24693
556829,1,3.03651
556836,1,3.74662
557089,1,3.41469
557160,1,4.29302
557224,1,5.9309
557279,1,4.20698
557306,1,8.58401
557342,1,4.63381
557520,1,5.79583
557595,1,0.331701
557780,1,2.58493
558096,1,4.52583
558376,1,0.398551
558422,1,0.662167
558456,1,9.43283
558494,1,0.75989
558538,1,5.80138
559119,1,6.99224
559163,1,3.99843
559356,1,2.9109
559473,1,1.1879
559741,1,3.40606
559782,1,1.24826
559849,1,5.25609
559895,1,5.86538
559994,1,4.66706
560613,1,0.759577
560754,1,3.77008
560777,1,6.49206
560886,1,0.512642
560915,1,3.29333
561347,1,1.58588
561351,1,4.80294
561410,1,0.680462
561506,1,4.40243
561627,1,9.48821
562505,1,6.4953
562546,1,5.02551
562555,1,1.40143
562651,1,4.9857
563103,1,6.96041
563893,1,3.94723
564055,1,3.42686
564196,1,9.6725
564456,1,2.41958
564782,1,1.7478
565298,1,3.93418
565458,1,5.55231
565760,1,4.08074
566146,1,1.70498
566229,1,5.24265
566934,1,3.85614
566942,1,4.53165
567296,1,1.69262
567309,1,0.640551
567360,1,3.10055
567419,1,2.16364
567574,1,3.31942
567636,1,6.38785
567822,1,3.0051
568091,1,4.13825
568185,1,3.75622
568199,1,4.10252
568475,1,3.8106
569193,1,5.21353
569305,1,6.50562
569532,1,0.997151
569603,1,2.90755
569657,1,3.34656
569837,1,2.62416
570016,1,5.84504
570102,1,0.950113
570769,1,4.83721
570789,1,5.56535
570812,1,5.01414
570831,1,7.26881
570950,1,0.61054
571098,1,2.42135
571164,1,2.27952
571178,1,8.38481
571193,1,4.38605
571588,1,0.333813
571614,1,5.99184
571670,1,5.44184
571699,1,5.50548
571755,1,2.57326
572006,1,3.60775
572268,1,3.63787
572296,1,0.88716
572321,1,3.62203
572370,1,6.71215
572388,1,0.846839
572425,1,5.56981
572501,1,5.52431
572943,1,7.46781
572950,1,4.09284
573032,1,0.981371
573287,1,6.72497
573662,1,4.13784
573671,1,1.87712
573711,1,4.19655
573716,1,7.12797
573736,1,4.09672
573870,1,8.41542
574075,1,2.27061
574194,1,3.05725
574265,1,5.96438
574510,1,0.218851
574604,1,7.08293
574955,1,1.07835
575107,1,8.17202
575119,1,5.17663
575235,1,5.84997
575755,1,6.16245
576111,1,3.24155
576279,1,3.87545
576313,1,0.503673
576417,1,0.239209
576465,1,1.20136
576942,1,3.03678
577013,1,6.86787
577320,1,6.89772
577344,1,3.14717
577395,1,3.27551
577520,1,3.48433
577858,1,4.73152
577931,1,2.35108
578014,1,7.28898
578063,1,5.54472
578195,1,4.49428
578448,1,0.964475
578518,1,0.437585
578524,1,7.39553
578655,1,6.65757
578795,1,3.89652
578858,1,2.04366
578867,1,3.54425
578891,1,4.98734
579209,1,4.53382
579285,1,3.50677
579410,1,2.63097
579641,1,3.50131
579885,1,0.715414
580794,1,2.35931
581096,1,5.43717
581111,1,7.64747
581158,1,1.62208
581582,1,4.73597
581800,1,6.12005
582176,1,2.11635
582208,1,1.21727
582227,1,2.46337
582440,1,4.41961
582483,1,1.11663
582663,1,4.84959
582738,1,3.04012
582799,1,9.40541
583122,1,2.59897
583301,1,2.3325
583360,1,0.90245
583364,1,6.98785
583515,1,2.19174
583812,1,3.18344
583851,1,1.88504
584637,1,2.81159
584737,1,1.58669
584949,1,8.89223
585556,1,3.14209
585611,1,2.5167
585792,1,3.49946
585950,1,2.89383
586185,1,0.706402
586454,1,2.89934
586806,1,5.32064
587006,1,2.63704
587150,1,3.13802
587191,1,2.91122
587305,1,4.20146
587508,1,3.76862
587575,1,2.16551
587735,1,0.285857
587773,1,1.68441
587808,1,1.08967
587841,1,6.83911
588244,1,3.86947
588488,1,2.33526
588749,1,3.60815
588983,1,1.62282
589050,1,3.59947
589200,1,0.645956
589321,1,0.232177
589819,1,7.39149
590162,1,2.87404
590170,1,5.87929
590380,1,8.11501
590709,1,0.961136
590974,1,5.45371
591267,1,3.82852
591432,1,5.39688
591703,1,5.50129
592086,1,2.37091
592484,1,0.792015
592562,1,6.15316
592651,1,4.03153
592767,1,6.20033
592771,1,2.01329
592852,1,0.707783
593104,1,7.69039
593544,1,3.03011
593566,1,1.38927
593574,1,9.24417
593672,1,0.790098
594008,1,2.60455
594271,1,4.25123
594276,1,3.59518
594393,1,1.5726
594610,1,5.78238
594651,1,4.91955
594760,1,5.48619
594780,1,4.41171
594942,1,2.88464
594973,1,0.204426
595040,1,4.48144
595086,1,3.59871
595395,1,4.62229
595601,1,2.76143
595771,1,1.37653
595865,1,2.68532
596211,1,3.42596
596428,1,6.10089
596500,1,6.6143
596583,1,8.58173
596745,1,2.04419
597015,1,3.89363
597113,1,6.33935
597427,1,1.34509
597567,1,5.39077
597906,1,2.02317
598019,1,2.99918
598058,1,1.68341
598075,1,6.90158
598182,1,4.23816
598199,1,4.27327
598407,1,0.299774
598451,1,3.35999
598487,1,1.94713
598628,1,5.48575
598637,1,4.51236
598768,1,3.12381
598785,1,5.0657
598950,1,5.56397
599264,1,9.865
599414,1,0.372755
599428,1,3.01813
599460,1,8.68748
599885,1,3.61097
600214,1,1.81478
600339,1,1.43122
600432,1,6.74617
600703,1,5.21817
601120,1,2.60853
601711,1,3.00469
602152,1,3.12159
602398,1,5.44239
602452,1,6.4155
602623,1,1.75014
602860,1,7.75969
603331,1,4.75852
603934,1,6.65655
604846,1,3.78227
604890,1,0.42932
605021,1,1.01008
605339,1,0.243276
605545,1,6.23486
605552,1,5.43358
605813,1,1.74571
605944,1,4.66352
606134,1,7.02275
606385,1,8.64492
606407,1,1.35224
606679,1,2.12849
606698,1,4.37557
606883,1,4.65834
607274,1,3.56562
607304,1,5.08455
607305,1,5.28305
607431,1,6.75159
607597,1,4.60559
608335,1,5.21055
608444,1,5.45776
608579,1,6.93129
609186,1,2.72085
609473,1,3.93948
609813,1,2.3811
610165,1,8.84012
610237,1,3.33602
610253,1,5.34719
610835,1,5.67926
610975,1,4.77491
610986,1,5.04735
611569,1,7.63097
611649,1,5.56809
611653,1,1.64398
611678,1,3.189
611818,1,7.76058
611833,1,8.69192
611888,1,2.06219
612144,1,6.50026
612215,1,1.18056
612302,1,0.336562
612338,1,1.25352
612814,1,5.48651
612914,1,2.78715
612961,1,1.24079
613222,1,3.28903
613238,1,0.682642
613450,1,3.58694
613473,1,1.82372
613859,1,3.93862
614552,1,0.529674
615067,1,0.48281
615414,1,4.94612
615430,1,2.65753
615554,1,3.15335
615670,1,3.73382
615913,1,0.268086
615931,1,1.25359
615973,1,2.06481
616418,1,5.28544
616672,1,1.23503
616811,1,1.23604
616895,1,2.95046
617192,1,3.56788
617233,1,3.09977
617266,1,0.648116
617310,1,6.26267
617379,1,4.45097
617409,1,0.992295
617587,1,8.23506
617817,1,3.7926
617910,1,3.82222
618192,1,3.82074
618529,1,5.9912
618596,1,4.50947
618640,1,6.67019
618641,1,1.78442
619056,1,8.25937
619080,1,3.1742
619217,1,3.13465
619258,1,4.59018
619364,1,4.47844
619857,1,3.96705
620073,1,0.633661
620279,1,1.07418
620518,1,4.37264
620599,1,2.03542
620646,1,0.550384
620848,1,3.63549
621146,1,3.20006
621737,1,5.15722
621856,1,3.83734
621996,1,3.22545
621999,1,5.30841
622316,1,7.1093
622653,1,5.55697
622681,1,2.1158
623362,1,8.59726
623697,1,3.87834
624020,1,0.797635
624127,1,0.934868
624169,1,5.78456
624218,1,4.00709
624965,1,0.868848
624985,1,0.286845
625050,1,1.42062
625347,1,3.60492
625623,1,3.65094
625861,1,6.29282
625892,1,5.28616
625976,1,4.74175
626075,1,9.6659
626517,1,3.23927
626750,1,5.73259
626915,1,0.529269
626940,1,0.755155
626954,1,0.490196
627169,1,1.94665
627443,1,4.40419
627598,1,7.25791
627887,1,4.30444
627986,1,2.63504
628111,1,5.5256
628621,1,1.47499
628730,1,3.42943
628768,1,5.8584
628917,1,2.00905
628959,1,3.14458
629012,1,2.65886
629051,1,6.90057
629403,1,1.45192
629442,1,0.499589
629524,1,0.388696
629581,1,1.44106
629824,1,5.71401
630309,1,1.88317
630346,1,0.34291
630516,1,5.73851
630714,1,6.56654
630825,1,7.08399
630876,1,6.56614
631121,1,1.66652
631218,1,3.61502
631345,1,5.08913
631440,1,1.20985
631735,1,4.41831
631770,1,3.70872
632005,1,2.68243
632015,1,3.58122
632284,1,0.282023
632445,1,5.69008
632672,1,6.66255
632774,1,5.2792
632972,1,7.49198
633600,1,2.11369
633696,1,2.62778
634045,1,1.37763
634493,1,0.310337
634773,1,3.83408
635146,1,0.552566
635154,1,0.653533
635233,1,0.554278
636103,1,3.59785
636186,1,2.15184
636223,1,1.22255
636485,1,3.54817
636587,1,0.598931
636703,1,1.39833
636864,1,1.6349
636914,1,1.27679
637029,1,3.45465
637328,1,2.35413
637460,1,2.97878
637524,1,0.507467
637600,1,0.679725
637608,1,2.53715
637891,1,5.72138
638118,1,2.98883
638732,1,4.83533
639355,1,0.265879
639566,1,1.93197
640316,1,1.73654
640335,1,5.26857
640481,1,1.9674
640530,1,4.27508
640846,1,9.30819
640916,1,4.39357
640922,1,3.63454
641223,1,2.06927
641332,1,5.10217
641943,1,1.1567
641972,1,5.12712
642681,1,6.19781
642726,1,1.84242
643112,1,5.51546
643607,1,2.25418
643641,1,7.31336
644001,1,9.03783
644039,1,3.37532
644101,1,2.7521
644418,1,7.5042
644531,1,2.00207
644665,1,2.16631
644913,1,3.98036
645144,1,2.15868
645327,1,2.54057
646002,1,1.15659
646039,1,5.94628
646141,1,8.89976
646251,1,1.81363
646373,1,0.634095
646928,1,6.59906
646986,1,4.54638
646990,1,8.66187
647514,1,6.19686
647826,1,1.84337
648151,1,1.91804
648165,1,1.88368
648654,1,2.51856
649003,1,1.98349
649169,1,4.49285
649268,1,5.45393
649350,1,1.94111
649410,1,5.79768
649603,1,0.489939
649901,1,2.26317
650039,1,1.28584
650159,1,2.52914
650217,1,2.0978
650306,1,1.23111
650679,1,0.253718
650859,1,2.79974
650878,1,4.77748
651160,1,2.97641
651628,1,5.29463
651752,1,0.568016
652058,1,2.00018
652129,1,0.862537
652149,1,2.66847
652176,1,2.6446
652217,1,0.674589
652491,1,7.17037
652719,1,5.20514
652789,1,5.89169
652981,1,8.17265
653096,1,1.68243
653124,1,1.85993
653133,1,5.29277
653165,1,0.588509
654023,1,6.1426
654088,1,2.93441
654275,1,1.89267
654372,1,3.92566
654503,1,3.06214
654894,1,6.81276
655858,1,6.095
655868,1,2.38046
656114,1,2.54055
656191,1,2.45761
656407,1,2.72822
656954,1,4.78871
657250,1,3.49986
657447,1,0.321244
657983,1,4.82407
658368,1,3.70023
658393,1,5.07057
658477,1,3.63855
658609,1,5.93263
658788,1,4.10478
659171,1,2.37851
659344,1,2.45138
659475,1,0.560593
659561,1,5.46121
659934,1,4.27989
660110,1,3.54045
660436,1,4.63666
660508,1,2.9106
660840,1,5.48369
661050,1,3.40397
661061,1,7.19301
661245,1,5.40412
661483,1,1.37801
661704,1,7.05453
661777,1,8.40375
661936,1,2.02726
661973,1,4.76697
662104,1,3.40015
662553,1,5.87918
662998,1,7.37518
663142,1,2.46269
663169,1,5.32883
663640,1,1.29781
663793,1,1.55549
663886,1,7.93014
663922,1,1.80924
663949,1,6.04042
663960,1,1.15422
664098,1,2.24187
664158,1,2.11347
664277,1,8.38184
664648,1,3.9677
665393,1,2.46205
665451,1,4.84663
665867,1,0.96086
666035,1,4.32875
666090,1,5.65797
666174,1,0.994424
666210,1,1.40262
666278,1,7.28782
666556,1,6.40192
666580,1,0.682695
666606,1,3.276
666801,1,4.95666
666919,1,4.1136
666989,1,2.99277
667046,1,4.42444
667074,1,1.17766
667187,1,7.25134
667270,1,4.086
667293,1,7.47393
667326,1,1.08374
667486,1,1.78416
667547,1,6.85025
667947,1,2.79837
668128,1,2.53834
668159,1,7.71558
668195,1,4.14338
668236,1,4.16738
668494,1,3.76529
669030,1,0.578911
669147,1,0.253207
669284,1,1.80261
669886,1,0.354646
670442,1,1.59393
670460,1,4.20666
670593,1,0.320488
670654,1,2.3126
670672,1,6.11034
670766,1,0.88609
671125,1,7.36138
671243,1,2.20043
671418,1,3.56571
671466,1,5.00145
671493,1,3.43132
671603,1,0.686174
672026,1,0.367242
672148,1,5.36357
672155,1,2.2731
672216,1,0.968828
672269,1,3.45341
672362,1,4.87232
672566,1,3.41994
672727,1,2.54967
673165,1,1.61931
673258,1,5.30426
673327,1,5.16995
673358,1,4.78313
673599,1,5.03595
673774,1,2.38011
674076,1,3.56504
674243,1,7.07857
674591,1,2.12717
675026,1,0.208735
675047,1,3.09651
675226,1,2.63624
675367,1,7.11286
675498,1,1.2237
675527,1,1.65144
675924,1,4.67311
676057,1,0.942867
676204,1,5.53872
676325,1,3.80048
676351,1,5.36896
676403,1,3.51159
676784,1,5.58382
677130,1,3.15616
677141,1,4.83031
677262,1,7.05007
677357,1,1.73065
677371,1,0.860098
678350,1,3.92026
678398,1,5.08561
678433,1,3.28976
678765,1,0.656084
679025,1,3.83471
679144,1,4.97827
679172,1,5.87437
679474,1,3.18601
679757,1,2.43502
679802,1,2.8119
679849,1,6.01597
679970,1,1.33695
680253,1,0.485537
680286,1,4.59617
680330,1,5.19834
680356,1,3.54874
680530,1,1.01549
680582,1,3.64709
680949,1,2.46101
681162,1,2.21785
681915,1,3.62676
682400,1,4.38037
682714,1,3.67229
683239,1,3.05095
683445,1,3.52383
683734,1,1.97928
683927,1,0.810855
683928,1,2.41189
684056,1,0.712168
684058,1,2.19329
684103,1,3.62022
684227,1,4.91466
684483,1,2.68698
684629,1,6.25448
684884,1,2.40152
684887,1,5.19845
685147,1,5.03694
685372,1,3.28483
686224,1,7.12646
686428,1,0.902143
687060,1,6.18085
687066,1,1.69022
687077,1,3.05559
687135,1,4.4359
687267,1,1.36478
687730,1,3.96571
687912,1,3.37155
687998,1,5.19532
688110,1,1.49753
688180,1,3.19355
688569,1,8.62015
688626,1,1.90108
688701,1,1.2887
689112,1,3.34301
689356,1,2.65473
689360,1,7.72687
689523,1,3.85432
690880,1,2.09514
691079,1,0.994552
691371,1,1.56766
691634,1,4.66958
691782,1,2.15294
691881,1,4.35667
691906,1,1.31678
691992,1,1.26114
692612,1,5.13516
692950,1,5.71376
693083,1,6.37015
693232,1,6.09007
693486,1,2.96538
694327,1,0.734491
694769,1,4.55827
694901,1,8.60089
694999,1,3.64663
695139,1,1.3666
695602,1,2.8167
695688,1,4.62135
695785,1,5.13941
695872,1,3.58611
696156,1,3.78157
696196,1,4.12299
696272,1,0.676923
696285,1,2.95853
696459,1,5.74245
696806,1,1.70496
697051,1,5.51517
697167,1,2.81662
697238,1,4.94936
697335,1,2.96182
697340,1,5.78772
697408,1,0.224857
697528,1,0.892676
697606,1,0.831987
698035,1,1.04398
698071,1,5.04369
698136,1,5.31653
698577,1,5.18344
698742,1,4.03775
699189,1,0.351359
699262,1,9.0942
699601,1,6.53235
699618,1,3.75051
699853,1,2.12483
699926,1,1.37854
700013,1,0.560393
700024,1,4.92447
700169,1,4.27937
700265,1,0.698193
700348,1,9.15144
700531,1,2.84846
700871,1,4.68607
700951,1,4.45789
700967,1,2.63219
701165,1,5.84235
701259,1,1.72832
701403,1,6.77149
701654,1,2.08921
701718,1,7.19275
701868,1,0.937167
702121,1,1.14033
702453,1,4.65706
702834,1,4.15717
702907,1,5.56292
703063,1,5.36236
703821,1,2.46322
703837,1,2.13418
703847,1,1.47175
704113,1,0.835783
704165,1,3.47516
704245,1,0.642721
704343,1,1.20504
704444,1,4.44122
704551,1,3.86452
704677,1,5.50464
705223,1,3.3041
705591,1,4.79172
705756,1,6.25727
706150,1,5.11346
706326,1,5.2144
706383,1,3.94774
706389,1,0.684807
706558,1,0.278499
706651,1,3.73817
706663,1,1.10508
707264,1,0.646005
707406,1,0.672161
707715,1,9.72379
708165,1,3.80181
708224,1,6.37625
708397,1,2.29145
708536,1,3.50858
708804,1,1.45911
708870,1,4.58317
709235,1,3.90371
709422,1,0.842043
709434,1,2.07991
709468,1,1.81792
709700,1,2.87575
709756,1,0.551235
709837,1,3.0742
710008,1,3.58685
710052,1,4.46794
710371,1,8.51471
710480,1,2.41327
710509,1,2.9592
710613,1,3.1072
710832,1,3.64325
711003,1,1.41314
711031,1,0.436459
711212,1,1.99648
711339,1,4.21252
711366,1,5.58013
711387,1,2.61461
711419,1,4.80751
711455,1,1.34249
711673,1,2.87345
711903,1,2.99135
712686,1,5.75253
713169,1,5.24891
713393,1,5.87306
713427,1,2.40632
713619,1,0.629186
713894,1,3.65417
714724,1,5.72343
714845,1,5.60753
714991,1,8.99875
715019,1,0.344215
715216,1,2.7228
715316,1,0.367426
715379,1,4.70325
715427,1,2.89733
715584,1,5.84114
715607,1,3.12596
715649,1,5.80374
716171,1,0.450895
716262,1,5.91129
716417,1,2.34729
716863,1,3.65397
717153,1,0.783823
717186,1,2.32853
717286,1,4.27423
717318,1,2.18386
717809,1,1.08628
718168,1,5.08407
718273,1,3.85902
718341,1,3.97778
718553,1,5.01321
718740,1,1.71248
718860,1,5.31038
718903,1,6.14371
718905,1,3.10312
719059,1,3.90251
719175,1,1.96319
719739,1,2.61794
719982,1,0.775678
720378,1,3.62153
720542,1,2.23127
720573,1,3.15267
720726,1,6.77588
720967,1,5.36899
721099,1,1.35749
721389,1,4.49012
721470,1,2.85908
722502,1,2.26389
722758,1,5.96948
722793,1,4.48328
723313,1,3.09699
723333,1,3.31268
723727,1,4.87637
723744,1,4.04941
723773,1,0.605191
723969,1,2.90195
724062,1,5.10585
724122,1,6.42072
724319,1,1.13143
724419,1,1.13568
724504,1,4.89952
724562,1,2.26165
724576,1,0.409653
724650,1,4.19167
724724,1,2.85167
724755,1,0.785652
724976,1,3.58413
725372,1,1.67971
725488,1,0.219489
725533,1,3.96456
725582,1,4.46696
725598,1,2.75859
725693,1,3.98936
726160,1,0.21223
726427,1,6.52352
726577,1,5.64349
726655,1,1.5125
726876,1,5.68214
726984,1,3.43036
727228,1,3.95939
727272,1,1.95216
727444,1,3.88415
727719,1,2.55345
727871,1,1.7477
727896,1,7.31384
728206,1,2.71104
729359,1,3.97648
729432,1,5.30419
729529,1,1.89461
729688,1,2.03364
729759,1,1.72506
729952,1,2.42717
729956,1,7.20645
730050,1,1.28685
730079,1,2.43701
730117,1,1.25983
730200,1,3.39994
730492,1,1.21616
730531,1,0.971764
730576,1,0.692586
730584,1,0.86001
730765,1,3.87045
730982,1,6.78015
731065,1,7.01341
731332,1,1.5705
731465,1,4.65021
731613,1,3.88095
731707,1,4.30555
731784,1,6.71605
731812,1,5.59327
731843,1,1.75952
731981,1,1.56687
732251,1,1.19609
732281,1,1.77358
732789,1,4.53173
732807,1,1.70547
732853,1,4.83272
732998,1,3.9846
733114,1,3.61751
733572,1,4.02187
733866,1,8.83792
734112,1,5.15531
734282,1,3.04463
734425,1,2.832
734594,1,3.90462
734659,1,3.76762
734787,1,6.75978
734877,1,2.54476
734889,1,0.728739
735241,1,5.34941
735460,1,0.902852
735465,1,6.62834
735546,1,4.46349
735766,1,0.348295
735942,1,6.53748
735993,1,4.14435
736472,1,5.96652
736615,1,5.2472
736834,1,4.25986
736983,1,6.84277
737030,1,2.61186
737211,1,1.81749
737385,1,2.60655
737652,1,5.19688
737746,1,3.54229
737763,1,0.209737
738057,1,2.03316
738191,1,3.07315
738595,1,1.19948
738612,1,4.79411
739100,1,0.234311
739107,1,4.82016
739334,1,4.64707
739341,1,2.60731
739353,1,0.599581
739527,1,5.82243
739543,1,4.96898
739568,1,1.49495
739978,1,3.37105
740063,1,4.83354
740123,1,0.865407
740617,1,4.50918
740631,1,0.333851
740746,1,1.5263
740927,1,9.07295
741243,1,5.65321
741473,1,0.873483
741513,1,3.57853
741563,1,1.59464
741734,1,2.04819
741957,1,6.98518
742019,1,2.5686
742060,1,5.75356
742256,1,3.43587
742792,1,0.624363
743206,1,6.58496
743342,1,4.56713
743884,1,5.17131
743917,1,1.01637
744068,1,3.5247
744804,1,0.448882
744826,1,2.70005
744837,1,2.06788
744863,1,1.50379
745358,1,1.18491
745622,1,3.18215
745966,1,1.12838
746011,1,3.11964
746368,1,5.25629
746513,1,5.82135
746759,1,0.304337
746804,1,2.14369
746830,1,2.6024
746994,1,0.742801
747097,1,2.04008
747190,1,4.82499
747387,1,0.611981
747602,1,0.994112
747645,1,3.96506
747657,1,5.65394
747872,1,0.267066
748105,1,6.39691
748304,1,8.87269
748305,1,4.64772
748500,1,2.36294
748761,1,2.10423
748870,1,6.40884
748969,1,3.88035
749604,1,0.372876
749921,1,2.10959
750027,1,1.68548
750165,1,3.89322
750287,1,1.05688
750325,1,2.70167
750349,1,3.00808
750409,1,2.8119
750573,1,5.05212
751008,1,4.06558
751049,1,0.796933
751084,1,0.344742
751155,1,0.650487
751253,1,4.99433
751334,1,2.458
751399,1,6.07837
751752,1,5.92254
752076,1,0.626333
752189,1,4.0034
752211,1,3.58053
752644,1,3.0012
752824,1,2.92389
752914,1,3.17419
753044,1,5.31799
753134,1,2.63236
753173,1,5.63891
753396,1,3.09514
754073,1,2.75282
754168,1,1.09619
754319,1,3.16018
754330,1,2.98037
754414,1,4.45093
754599,1,2.54897
754904,1,2.81565
755253,1,1.93732
755679,1,1.59938
756512,1,6.11626
756632,1,5.27682
756696,1,3.48097
756707,1,6.8752
756787,1,1.67206
757099,1,1.19624
757561,1,0.655724
757664,1,0.386114
757675,1,4.12524
757935,1,5.03416
758169,1,4.33238
758301,1,4.37326
758653,1,2.37372
759516,1,3.87494
759841,1,5.92635
760292,1,0.440072
760347,1,0.638766
760498,1,2.85019
760503,1,1.61911
760578,1,0.443231
760731,1,2.69679
760778,1,3.07856
760847,1,7.21205
760939,1,1.25678
760948,1,2.40083
761008,1,4.34706
761120,1,4.5292
761164,1,0.919869
761249,1,3.19993
761341,1,3.43164
761470,1,4.65768
761517,1,0.483151
761584,1,1.38026
761722,1,7.61704
761878,1,2.94044
761942,1,3.34999
762042,1,2.09078
762150,1,7.20543
762351,1,2.96543
762585,1,0.438883
762650,1,5.4152
763165,1,2.8735
763177,1,2.8457
763270,1,6.90927
763685,1,5.26723
763869,1,4.82383
763964,1,5.15263
764112,1,1.64945
764176,1,4.96013
764233,1,2.45393
764538,1,3.85235
765238,1,0.232489
765384,1,0.489281
765869,1,6.05214
765962,1,0.736864
766024,1,5.62957
766203,1,6.34336
766601,1,5.16396
766603,1,2.74618
766729,1,5.2389
766916,1,5.75377
767171,1,5.20512
767247,1,3.22925
767315,1,5.24544
767468,1,6.61379
767527,1,3.592
767586,1,0.324482
767777,1,4.19418
768057,1,5.83707
768438,1,5.76657
769020,1,5.19008
769333,1,1.25329
769556,1,2.61947
769635,1,5.86916
769709,1,1.44721
770320,1,1.18343
770341,1,6.07031
770761,1,2.89118
770770,1,7.99065
770887,1,1.82376
770930,1,0.682493
771418,1,3.89682
771584,1,6.90956
771708,1,1.98218
772344,1,1.30835
772401,1,2.7922
772455,1,5.23854
772803,1,2.35259
772930,1,4.03607
772964,1,0.323736
773670,1,1.41752
773745,1,3.53994
773857,1,0.717872
774391,1,3.20491
775150,1,2.71646
775193,1,6.3113
775596,1,2.85148
775858,1,2.68903
776546,1,5.19456
776694,1,3.65527
777357,1,4.52769
777895,1,4.18029
778380,1,1.13002
778519,1,7.03017
778945,1,0.472968
778963,1,2.43289
779135,1,7.72243
779602,1,5.21044
779650,1,1.7196
780136,1,2.59103
780301,1,1.83401
780414,1,4.64311
780485,1,3.69926
780753,1,6.44758
780754,1,2.64922
780929,1,7.94755
780977,1,3.75245
781297,1,2.1005
781669,1,1.08902
781688,1,3.22914
781951,1,2.92048
781974,1,3.17534
782474,1,0.408502
782659,1,7.24202
782674,1,5.98187
782742,1,5.05075
783078,1,3.34396
783193,1,0.747646
783654,1,2.077
783934,1,3.59936
783935,1,5.27358
784021,1,2.80355
784071,1,0.98429
784298,1,1.78189
784786,1,1.45293
784846,1,1.68065
784852,1,6.24387
785024,1,0.744135
785083,1,5.48257
785159,1,2.53735
785163,1,2.63039
785438,1,2.88074
785793,1,0.272221
786051,1,3.47488
786131,1,3.89607
786507,1,7.68858
786790,1,1.57446
787036,1,3.7504
787184,1,0.26453
787774,1,6.22984
787942,1,5.96621
788030,1,5.52992
788431,1,0.465077
788560,1,3.23316
788681,1,4.75639
788725,1,0.366645
788739,1,4.47375
789055,1,3.42554
789061,1,1.9145
789074,1,3.5116
789168,1,1.02182
789243,1,4.0075
789490,1,3.28354
789679,1,3.77485
789747,1,3.43747
789883,1,3.75735
789886,1,3.0272
790090,1,5.25142
790199,1,5.28032
790311,1,3.83651
790351,1,5.80096
790593,1,4.19572
790621,1,0.583074
790924,1,3.42377
791169,1,4.97945
791350,1,0.923019
791567,1,1.59065
791625,1,2.48826
791737,1,3.54444
792581,1,5.15573
792695,1,6.69656
792853,1,2.54418
793151,1,7.33297
793189,1,4.76193
793221,1,0.555307
793366,1,5.34056
793540,1,5.63692
793550,1,2.51496
793589,1,2.90012
794342,1,5.43865
794411,1,6.03264
794420,1,1.76109
794486,1,5.30441
794662,1,5.2279
794803,1,6.21184
795025,1,1.94797
795123,1,5.23052
795234,1,1.53266
795354,1,4.6768
795422,1,1.23271
795586,1,0.79206
795681,1,4.33577
795994,1,4.66933
796307,1,3.52861
796368,1,6.12445
796386,1,8.22793
796393,1,1.28819
796492,1,6.48386
796954,1,1.65997
797041,1,3.57024
797383,1,2.06073
797893,1,2.78307
798116,1,4.0813
798336,1,3.51479
798500,1,1.32085
798673,1,2.03275
798679,1,6.70245
798765,1,0.530399
798873,1,0.739152
799250,1,4.31389
799304,1,2.77119
799397,1,8.25425
799443,1,5.65785
799532,1,5.14153
800006,1,6.9928
800159,1,6.07067
800272,1,7.77001
800827,1,5.12467
801153,1,3.60242
801609,1,0.965642
801699,1,2.80769
801970,1,4.60395
802224,1,1.94645
802260,1,4.30415
802579,1,4.02195
802609,1,4.52036
802791,1,4.16908
803192,1,4.56957
803481,1,4.86606
803652,1,0.781923
803960,1,1.2286
804079,1,3.09116
804272,1,4.12305
804393,1,3.01797
804428,1,3.32245
804559,1,3.14936
804976,1,3.22238
804989,1,2.01389
805127,1,3.02334
806084,1,6.46217
806402,1,5.30521
806454,1,6.16788
806465,1,8.57032
806582,1,2.549
806662,1,6.8648
806672,1,2.46836
806690,1,5.54317
806800,1,8.34283
806837,1,4.87337
806858,1,5.29015
806888,1,0.269869
807118,1,0.278248
807120,1,5.63933
807156,1,7.59658
807849,1,1.25276
807946,1,2.79732
808298,1,9.21949
808459,1,4.23346
808465,1,5.1017
808543,1,2.39063
808563,1,1.93202
808566,1,2.19447
809174,1,6.18174
809271,1,4.64631
809529,1,4.07563
809569,1,5.66962
810286,1,4.25023
810304,1,1.95146
810682,1,1.3991
810867,1,3.33609
810869,1,0.932652
810894,1,0.770826
811014,1,7.6167
811107,1,3.6472
811137,1,4.02867
811208,1,0.524038
811325,1,2.28315
811337,1,2.48789
811563,1,2.87831
811565,1,0.762591
811637,1,2.82514
811690,1,3.38507
812191,1,4.54454
812366,1,8.60401
812392,1,3.9201
812631,1,1.17002
812847,1,4.48254
812922,1,8.37546
813120,1,3.68774
813280,1,1.36117
813490,1,1.19938
813554,1,5.15096
813560,1,5.64368
814075,1,2.93893
814088,1,3.79973
814169,1,4.85485
814278,1,1.32035
814303,1,3.89617
814318,1,1.78174
814377,1,4.53748
814437,1,0.245337
814571,1,6.27241
814973,1,0.309532
815293,1,3.76366
815544,1,3.91533
815937,1,1.56464
816031,1,1.73583
816244,1,5.72773
816414,1,1.50716
816559,1,7.97429
816951,1,1.54378
817062,1,1.83539
817089,1,3.62595
817507,1,3.57481
818868,1,3.52546
818996,1,3.57285
819685,1,2.56821
819686,1,4.80403
820029,1,7.09685
820065,1,6.53122
820092,1,5.42182
820425,1,3.32403
820450,1,8.38884
820889,1,1.81174
820941,1,0.830619
821056,1,5.60133
821527,1,7.87736
821642,1,8.63247
821954,1,7.40105
822019,1,4.28686
822020,1,1.96517
822102,1,4.39952
822140,1,1.91767
822218,1,2.44
822410,1,4.72406
822604,1,2.88357
822633,1,2.14142
822754,1,2.47524
823070,1,1.78622
823436,1,4.40676
823617,1,3.29774
823619,1,1.96825
823779,1,0.552119
825020,1,3.24706
825152,1,3.0652
825186,1,3.00253
825281,1,6.8786
825407,1,1.04172
826222,1,2.10057
826377,1,3.75979
826476,1,4.75905
826767,1,2.71638
826951,1,5.33444
827101,1,5.40745
827110,1,6.01125
827118,1,4.90125
827650,1,1.3762
827760,1,0.282879
827958,1,2.80394
828004,1,1.36328
828270,1,3.92747
828388,1,0.887394
828402,1,2.45
828496,1,4.50047
828526,1,1.96597
829111,1,0.657812
829134,1,3.68386
829138,1,5.67927
829270,1,1.50029
829339,1,9.20505
829482,1,5.29862
829538,1,0.25584
829548,1,5.73404
829687,1,7.55602
829816,1,4.23869
830901,1,2.789
831421,1,2.73387
831493,1,6.73066
831579,1,1.7251
831661,1,4.82403
831795,1,1.78345
832102,1,1.63725
832145,1,4.03348
832146,1,8.95412
832321,1,6.86371
832347,1,0.924012
832398,1,2.71067
832549,1,9.33044
832579,1,2.48821
833028,1,4.22329
833158,1,3.22824
833674,1,6.08139
834522,1,0.4264
834588,1,2.94764
834669,1,7.77395
834770,1,4.32286
835086,1,4.77962
835475,1,3.12175
835511,1,0.604068
835546,1,2.90915
836069,1,1.12917
836352,1,4.05626
836679,1,0.981729
837139,1,3.9044
837644,1,3.08458
837860,1,7.13668
838279,1,0.449399
838626,1,3.60864
838633,1,3.72389
839080,1,5.62474
839232,1,1.49363
839352,1,3.02981
839613,1,0.464486
839782,1,3.52372
839858,1,1.24771
839890,1,4.32353
840944,1,3.52754
840988,1,2.15614
841250,1,7.95523
841366,1,3.71389
841403,1,4.7813
841409,1,1.60397
841484,1,5.50708
841629,1,4.82541
841651,1,3.1829
841902,1,5.49772
841935,1,3.38005
841979,1,3.08203
842288,1,1.65572
842365,1,2.76696
842511,1,0.285104
842604,1,1.08215
843176,1,6.28854
843256,1,1.06012
843773,1,2.84834
844168,1,1.98057
844193,1,4.31562
844364,1,3.80695
844556,1,0.827988
844658,1,5.12924
844795,1,5.51927
844881,1,3.58118
845181,1,0.463073
845188,1,1.34188
845654,1,4.72362
845938,1,0.762518
846079,1,0.344487
846110,1,4.97652
846271,1,0.784285
846277,1,3.88245
846666,1,1.72956
846671,1,0.775265
846856,1,1.45809
847104,1,0.42673
847795,1,7.54512
847874,1,9.50684
847952,1,5.03046
848014,1,2.21134
848079,1,1.45311
848084,1,4.98664
848105,1,9.49606
848272,1,1.72504
848355,1,1.50945
848371,1,1.19155
848434,1,6.05371
848658,1,4.38353
848811,1,3.16714
848966,1,2.59705
849699,1,5.33219
849977,1,4.03448
850371,1,1.29572
850635,1,5.8142
850876,1,4.93128
851337,1,5.26088
851391,1,4.02054
851402,1,3.53586
851416,1,1.58583
851439,1,2.98797
851743,1,1.01637
851760,1,3.26024
852084,1,3.80371
852934,1,3.20785
853023,1,4.61177
853041,1,6.01086
853144,1,2.88516
853184,1,5.52117
853407,1,3.18312
853451,1,7.54116
853667,1,4.9887
854359,1,0.928011
854673,1,3.57561
854892,1,2.41374
855045,1,5.00189
855390,1,6.81729
855398,1,3.78579
855494,1,1.37947
855578,1,2.38901
855605,1,0.815086
855677,1,6.07889
855790,1,2.50983
856054,1,0.907651
856335,1,1.57612
856382,1,2.7713
856870,1,3.63841
857003,1,1.56671
857467,1,6.29579
857553,1,4.34445
857983,1,1.4814
858230,1,3.61033
858712,1,3.06372
858769,1,4.71255
858878,1,7.00606
859291,1,5.74603
860506,1,0.686362
860979,1,6.29953
861283,1,5.60607
861334,1,9.02351
861544,1,4.939
862257,1,4.74679
862535,1,0.464833
862597,1,0.989568
863490,1,8.44706
863530,1,2.43949
863603,1,4.96016
863725,1,3.3317
864121,1,4.84666
864265,1,3.31738
864382,1,4.62062
865378,1,7.48047
865476,1,5.5165
865593,1,4.63027
866261,1,4.46721
866438,1,1.09267
866747,1,6.15804
867031,1,1.0055
867037,1,3.24361
867054,1,6.47239
867893,1,1.13764
868098,1,4.5595
868540,1,0.349545
868617,1,4.2886
868623,1,1.37832
868682,1,0.872244
869085,1,2.00369
869222,1,2.64935
869345,1,5.60172
871315,1,1.56247
871475,1,0.747398
871743,1,2.98962
871906,1,3.89569
871992,1,5.41265
872059,1,5.26908
872267,1,1.59383
872467,1,4.77447
872838,1,4.43915
873537,1,4.39951
873540,1,6.6381
873597,1,0.641848
873942,1,3.87547
874247,1,5.30447
874376,1,2.94402
874658,1,2.85652
874854,1,3.47193
874909,1,5.06529
874966,1,6.11911
875603,1,6.49321
875784,1,3.60556
875967,1,6.53679
876059,1,1.80919
876145,1,4.62035
876304,1,2.50484
876537,1,3.70557
876642,1,5.65747
876696,1,0.287269
877121,1,1.17294
877219,1,2.42641
877224,1,5.49133
877551,1,3.92565
877642,1,4.70585
877769,1,6.16187
877880,1,7.13647
878085,1,4.05502
878116,1,4.53246
878260,1,0.696988
878262,1,4.48217
878320,1,0.554032
878420,1,4.43033
878532,1,1.13498
878873,1,6.26839
878927,1,1.20574
879060,1,3.48743
879207,1,1.23908
879306,1,5.85818
879388,1,2.19514
879712,1,4.36698
879756,1,7.98109
879807,1,3.03855
879879,1,6.62544
880792,1,2.36726
880799,1,3.68023
880956,1,3.75448
880979,1,2.31921
881264,1,6.51603
881388,1,3.22854
881444,1,2.73574
882316,1,5.75841
882479,1,5.33865
882712,1,2.8534
882791,1,1.259
882804,1,3.86678
882965,1,1.49137
883409,1,5.62396
884344,1,7.05079
884364,1,2.8996
884513,1,7.56789
884735,1,0.381472
884738,1,0.695661
884928,1,2.97353
885189,1,3.37901
885454,1,2.26408
885841,1,6.02852
885898,1,1.03561
886542,1,4.13609
886554,1,5.09247
887072,1,3.84679
887082,1,4.88685
887216,1,2.30045
887561,1,0.358446
887577,1,1.78375
887594,1,4.75293
887858,1,2.68612
887866,1,1.63402
888139,1,3.26204
888201,1,1.68247
888329,1,0.921206
888474,1,0.543914
888593,1,5.9014
888611,1,5.08421
888645,1,3.15838
888854,1,1.7762
889031,1,2.80234
889092,1,1.70163
889448,1,1.66973
889660,1,4.87885
889872,1,2.38541
890564,1,5.75433
890856,1,2.90261
890878,1,1.52435
890881,1,3.29384
891062,1,0.32594
891081,1,3.3972
891083,1,2.88536
891725,1,5.96382
891934,1,2.52219
892273,1,2.47991
892437,1,5.25361
892572,1,0.724518
892895,1,3.84904
892917,1,1.56531
893328,1,2.52553
893558,1,7.43466
893736,1,0.245381
893757,1,1.06403
894302,1,3.38397
894356,1,4.76612
894677,1,1.03901
894727,1,6.25111
894755,1,6.53268
894764,1,0.264555
895002,1,2.41535
895590,1,1.52837
895650,1,3.67073
895658,1,4.06487
895683,1,4.85252
895818,1,9.30034
895858,1,4.80032
896120,1,0.802298
896219,1,5.98102
896474,1,0.726503
896922,1,3.35071
897748,1,3.12086
897769,1,0.839241
897883,1,5.66267
897884,1,0.419748
897890,1,0.450647
897949,1,3.33903
897960,1,5.20891
897999,1,5.72896
898160,1,5.79562
898241,1,3.36518
898420,1,3.6074
898678,1,0.269094
898757,1,0.297799
898905,1,4.57443
899046,1,0.957447
899215,1,2.86068
899365,1,3.19907
899548,1,0.372546
899764,1,7.00146
899792,1,1.20004
900046,1,4.32771
900131,1,3.58795
900293,1,0.848918
900575,1,7.51224
900588,1,5.00951
900764,1,4.72351
900769,1,3.63336
900851,1,0.669458
901201,1,3.66333
901232,1,5.75688
901481,1,3.0533
901540,1,5.49226
901694,1,5.80963
901778,1,2.36282
901855,1,7.78718
901946,1,5.16935
902052,1,5.13617
902190,1,2.91833
902272,1,3.57016
902483,1,0.445704
902485,1,4.75334
902651,1,2.60288
902786,1,1.02296
902884,1,5.76881
903001,1,2.19291
903288,1,5.23149
903710,1,0.469567
903789,1,3.99413
903804,1,5.44165
903880,1,2.81531
904208,1,0.228449
904236,1,1.97036
904249,1,3.30509
904287,1,0.594517
904548,1,1.88349
904755,1,0.91523
904906,1,3.83823
904949,1,5.38662
904996,1,7.94594
905080,1,3.63367
905234,1,2.05659
905489,1,4.36998
906107,1,0.29206
906118,1,3.74233
906434,1,3.68169
906748,1,4.85103
907295,1,4.09904
907445,1,6.29317
907454,1,1.33127
907556,1,2.46156
907682,1,1.12156
907795,1,2.18983
907872,1,6.61204
908012,1,3.44797
908025,1,5.48117
908837,1,3.73897
909048,1,2.88639
909316,1,2.27356
909554,1,4.39689
910421,1,3.91774
910425,1,6.19787
910623,1,0.507401
911116,1,3.83899
911145,1,0.885006
911205,1,5.8947
911558,1,6.45626
911928,1,0.963002
912143,1,5.92941
912152,1,3.44859
912396,1,0.342485
912446,1,6.8997
912562,1,1.74516
912566,1,5.60411
912901,1,0.804718
912979,1,3.58416
913181,1,0.841272
913377,1,0.256913
913735,1,5.40831
914093,1,3.85438
914197,1,3.39693
914794,1,0.372587
914957,1,2.73042
914967,1,4.97047
915143,1,3.01361
915335,1,4.4748
915442,1,7.46213
915491,1,6.97654
915582,1,0.365657
916080,1,1.44505
916215,1,1.55684
916232,1,7.18933
916376,1,3.49528
916718,1,6.87917
916731,1,4.23825
916836,1,7.04862
917001,1,5.09882
917089,1,0.446899
917309,1,2.68055
917807,1,1.64487
917987,1,2.31963
918095,1,1.19732
918262,1,1.02253
918356,1,3.84809
919195,1,4.88925
919323,1,8.20095
919565,1,8.35343
919674,1,1.79683
919752,1,0.822097
919881,1,2.5573
919901,1,1.12826
920072,1,0.825044
920107,1,5.70213
920150,1,5.02133
920302,1,3.84301
920570,1,5.22874
920631,1,0.828132
921272,1,4.85751
921298,1,0.217382
921326,1,0.810792
921410,1,2.03413
922263,1,5.85771
922333,1,3.70049
922683,1,3.25334
923295,1,5.00054
923370,1,2.55455
923628,1,5.25307
923756,1,7.44143
924065,1,6.74019
924358,1,5.06915
924473,1,4.3617
924528,1,0.278555
925288,1,4.5826
925293,1,1.64747
925376,1,1.56168
925397,1,5.67193
925499,1,6.42713
925617,1,0.63644
926009,1,7.09184
926045,1,2.83899
926748,1,1.72772
927357,1,7.45923
927388,1,2.11447
927716,1,2.09466
927834,1,3.31243
928568,1,1.68004
928654,1,3.13574
928723,1,6.18894
928818,1,5.08269
928860,1,6.36718
928945,1,7.35416
929506,1,5.40589
929693,1,3.5083
930113,1,7.28614
930169,1,3.33698
930364,1,2.87048
931235,1,2.84549
931276,1,3.07394
931288,1,2.99177
931392,1,2.94031
931644,1,6.68692
931912,1,3.56297
932010,1,3.77596
932170,1,4.24669
932803,1,5.10042
932860,1,5.06966
932896,1,4.68331
933163,1,4.70793
933377,1,5.10319
933507,1,6.94848
933657,1,2.33061
933750,1,5.26561
933839,1,1.30872
933984,1,5.35886
933994,1,3.51142
934012,1,3.10675
934068,1,3.98634
934305,1,5.18194
934468,1,3.02665
934709,1,3.96413
934990,1,3.87388
935029,1,7.24704
935337,1,4.7317
935885,1,1.22899
935994,1,5.70805
936446,1,5.73901
936496,1,1.37584
936538,1,3.79034
936828,1,1.71451
937391,1,6.50805
937393,1,1.39302
937533,1,5.17812
937910,1,7.31749
937989,1,2.3664
938126,1,5.07354
938497,1,0.579714
938637,1,4.68156
938708,1,1.78737
938867,1,2.56771
938937,1,3.88572
938957,1,3.87271
939251,1,3.51428
939331,1,5.68654
939381,1,3.43888
939559,1,4.4225
939695,1,3.20424
939829,1,3.04686
939868,1,2.9875
939982,1,4.8829
940004,1,3.91531
940032,1,8.29453
940181,1,3.14091
940348,1,6.52437
940737,1,4.53395
940901,1,0.406844
940996,1,6.69341
941295,1,5.06378
941669,1,6.01762
942049,1,3.47259
942124,1,0.99989
943268,1,8.59046
943421,1,4.93533
943429,1,3.74249
943457,1,6.3894
943581,1,1.10938
943668,1,2.85865
943687,1,2.78795
943856,1,0.31611
943912,1,2.9043
944012,1,4.3402
944515,1,6.43053
944702,1,1.80612
944865,1,1.14831
944965,1,0.960894
945145,1,3.3204
945159,1,6.98039
945237,1,4.29649
945323,1,3.37047
945462,1,3.23014
945803,1,3.64335
946044,1,2.48205
946070,1,2.98662
946106,1,3.01971
946144,1,5.81329
946184,1,1.47306
946669,1,4.66391
947124,1,2.87399
947344,1,6.87881
947540,1,1.59822
947621,1,6.65539
948165,1,0.527609
948346,1,4.10494
948434,1,5.37671
948547,1,5.63183
948657,1,6.58943
948661,1,2.4713
948683,1,7.4117
948690,1,2.87093
948815,1,3.92149
949113,1,2.9451
949136,1,6.79294
949164,1,5.2487
949470,1,1.20994
949514,1,6.57613
949718,1,1.46356
949958,1,4.1611
950032,1,3.44426
950106,1,3.66189
950462,1,3.96536
950626,1,9.27001
950646,1,2.62552
951097,1,4.32704
951101,1,3.19825
951143,1,4.71019
951574,1,5.04575
951696,1,0.51412
951697,1,0.275965
951871,1,5.19794
951884,1,6.11454
952509,1,0.839111
952540,1,3.13759
952714,1,1.29316
952743,1,4.23215
952773,1,2.42338
952948,1,4.12973
952980,1,6.52539
952982,1,4.88313
953005,1,1.33945
953067,1,3.04637
953155,1,6.38544
953223,1,2.63828
953264,1,3.44931
953285,1,5.76114
953372,1,1.73302
953609,1,6.72734
953844,1,3.36773
953984,1,0.621648
954042,1,6.09218
954085,1,5.22592
954387,1,6.39025
954707,1,4.11007
954876,1,1.04078
954964,1,2.93141
954997,1,2.79818
955497,1,7.49337
955499,1,0.822494
955969,1,3.89847
956173,1,5.90977
956214,1,3.92697
956719,1,6.56685
956826,1,0.267609
956884,1,0.418358
957198,1,0.975916
957441,1,1.59772
957505,1,0.465664
957508,1,4.47902
957646,1,1.89482
957938,1,2.1011
957947,1,0.983829
958213,1,0.974104
958248,1,5.19544
958514,1,0.21425
958615,1,5.82849
959013,1,5.80847
959089,1,7.10453
959254,1,2.57358
959402,1,0.423525
959475,1,7.80116
959544,1,9.64965
959573,1,6.71173
959586,1,1.54694
959958,1,5.04989
960007,1,1.23
960082,1,0.960536
960909,1,1.71097
960976,1,7.59403
961117,1,3.16383
961474,1,4.6584
961754,1,5.47475
961991,1,3.13959
962138,1,4.43457
962307,1,2.70941
962411,1,0.491587
962759,1,3.44309
963072,1,2.86993
963148,1,5.06594
963195,1,0.938191
963622,1,2.15572
963836,1,1.50951
963868,1,2.89865
963930,1,1.47736
964027,1,4.3864
964092,1,7.16594
964112,1,5.76733
964438,1,1.36085
964605,1,2.81895
964613,1,4.61791
964758,1,3.43526
965505,1,1.42235
965628,1,2.81808
965655,1,2.49348
965693,1,1.99129
965751,1,4.96063
966358,1,0.292371
966437,1,0.987147
966444,1,5.08957
966451,1,7.06552
966852,1,4.39547
966886,1,6.95434
967242,1,1.65084
967252,1,3.96365
967501,1,2.5958
968091,1,1.73546
968185,1,2.82189
968209,1,1.88197
968234,1,0.782748
968299,1,2.79746
968342,1,1.23003
968366,1,6.2684
968379,1,0.853107
968572,1,6.91374
968981,1,8.37089
969294,1,2.82668
969298,1,5.06528
969570,1,5.39347
969575,1,4.22192
969725,1,9.96664
969774,1,1.79164
969970,1,7.83726
970284,1,7.04582
970352,1,8.15656
970518,1,2.59156
970538,1,7.43126
970584,1,1.45682
970603,1,2.17792
970654,1,4.10605
970716,1,2.66188
970742,1,1.37619
970981,1,4.34033
971020,1,0.735726
971025,1,4.26314
971066,1,4.67697
971330,1,2.60808
971726,1,1.81746
971874,1,3.50797
971902,1,2.03094
972043,1,4.91822
972062,1,5.43887
972401,1,3.61569
972679,1,1.00996
972823,1,2.51625
973003,1,0.527824
973353,1,3.00441
973409,1,6.24397
973774,1,3.57787
974197,1,4.22425
974200,1,7.01712
974884,1,5.13964
974930,1,2.19641
975165,1,7.19301
975221,1,3.4532
975665,1,4.6739
975669,1,3.246
976186,1,0.695565
976402,1,0.588887
976405,1,1.62483
976486,1,1.85171
976492,1,3.22949
976502,1,6.69599
976578,1,3.11207
977527,1,3.32329
977590,1,4.97087
978170,1,0.257146
979191,1,3.98473
979759,1,3.51933
980107,1,2.62839
980231,1,7.04748
980285,1,1.88376
980544,1,6.59805
980658,1,4.6266
980943,1,3.13887
981128,1,1.37662
981418,1,4.9627
981708,1,6.46973
981788,1,0.84823
981961,1,7.00113
982053,1,1.35938
982176,1,2.42815
982271,1,5.85922
982845,1,4.51522
982894,1,1.49647
983120,1,2.28869
983136,1,4.34127
983667,1,2.88082
983847,1,5.94304
983975,1,3.35387
984158,1,3.59071
984522,1,3.3903
985098,1,2.51337
985702,1,3.389
985771,1,7.61541
985922,1,4.2298
985935,1,2.05416
985996,1,2.23799
986151,1,5.31854
986379,1,1.06007
986419,1,2.47696
986464,1,6.22317
986734,1,1.64715
986914,1,2.79954
986975,1,8.27263
987154,1,1.17817
987291,1,1.08784
987305,1,4.35346
987732,1,4.64349
987778,1,2.5259
987798,1,1.24084
988058,1,2.85089
988144,1,4.03159
988477,1,3.47238
988561,1,7.1702
988646,1,3.00989
988905,1,1.02644
989074,1,2.47221
989082,1,2.81926
989442,1,4.76137
989690,1,3.76414
989704,1,4.83226
990192,1,3.83767
990501,1,4.93068
990749,1,1.1953
991358,1,3.86402
991511,1,0.684086
991615,1,1.34441
992013,1,1.43616
992042,1,5.19581
992355,1,5.22298
992824,1,1.50897
992907,1,4.94745
993295,1,3.83767
993429,1,7.5703
993448,1,3.07666
993464,1,2.85371
993515,1,5.19001
993528,1,3.917
994109,1,6.58026
994114,1,2.26313
994147,1,6.97242
994725,1,5.04063
994826,1,4.13393
995004,1,2.91655
995101,1,7.56089
995317,1,2.46509
995321,1,2.47129
995380,1,0.807774
995426,1,3.10119
996046,1,1.47683
996276,1,1.18592
996456,1,2.68351
996483,1,5.76059
996882,1,5.51411
997168,1,5.45278
997304,1,4.93091
997445,1,4.25326
997580,1,0.228383
997962,1,5.15599
998112,1,8.67891
998370,1,1.29634
998409,1,1.78347
998717,1,0.523483
998858,1,4.11583
999115,1,5.80598
999281,1,0.823465
999439,1,2.84425
999878,1,2.28845