0.00767327 0.00603164
0.0230198 0.00699448
0.0383663 0.00895872
0.0537129 0.0111205
0.0690594 0.0127382
0.0844059 0.0145852
0.0997525 0.0156574
0.115099 0.0167683
0.130446 0.0187755
0.145792 0.0176228
0.161139 0.0188924
0.176485 0.0190541
0.191832 0.0181294
0.207178 0.0183531
0.222525 0.0178128
0.237871 0.0172534
0.253218 0.0159378
0.268564 0.0163511
0.283911 0.015627
0.299257 0.0166312
0.314604 0.0166332
0.32995 0.0159053
0.345297 0.0163896
0.360644 0.0160267
0.37599 0.0163068
0.391337 0.0156113
0.406683 0.0154364
0.42203 0.0152075
0.437376 0.015043
0.452723 0.0149926
0.468069 0.0148843
0.483416 0.0145943
0.498762 0.0145963
0.514109 0.014298
0.529455 0.0143077
0.544802 0.0140127
0.560149 0.0137282
0.575495 0.0135865
0.590842 0.0136011
0.606188 0.0135155
0.621535 0.0130366
0.636881 0.0130701
0.652228 0.0128407
0.667574 0.0126359
0.682921 0.0123318
0.698267 0.012371
0.713614 0.0120663
0.72896 0.0117921
0.744307 0.0115687
0.759653 0.0113408
0.775 0.0111923
0.790347 0.0109141
0.805693 0.0108269
0.82104 0.0105977
0.836386 0.0104858
0.851733 0.0102759
0.867079 0.00997731
0.882426 0.00984131
0.897772 0.00958608
0.913119 0.00940378
0.928465 0.00916503
0.943812 0.00913148
0.959158 0.00896123
0.974505 0.00850583
0.989851 0.00835014
1.0052 0.00804048
1.02054 0.00803194
1.03589 0.00768271
1.05124 0.00742457
1.06658 0.00717779
1.08193 0.00687546
1.09728 0.00665268
1.11262 0.0063855
1.12797 0.00604169
1.14332 0.00584572
1.15866 0.00551939
1.17401 0.0052493
1.18936 0.00491111
1.2047 0.00460788
1.22005 0.00431057
1.2354 0.00401015
1.25074 0.00378204
1.26609 0.00342588
1.28144 0.0030898
1.29678 0.00286792
1.31213 0.00263459
1.32748 0.00234341
1.34282 0.00212043
1.35817 0.0018416
1.37351 0.00162415
1.38886 0.00139102
1.40421 0.00117306
1.41955 0.000932202
1.4349 0.000735537
1.45025 0.000511852
1.46559 0.000326637
1.48094 0.000161812
1.49629 2.54118e-05
1.51163 2.51105e-06
1.52698 1.2053e-06
1.54233 1.00442e-06
