0.0000000 62
0.0330775 171
0.0661550 264
0.0992324 350
0.1323099 361
0.1653874 424
0.1984649 446
0.2315423 386
0.2646198 381
0.2976973 356
0.3307748 339
0.3638522 310
0.3969297 314
0.4300072 287
0.4630847 325
0.4961621 286
0.5292396 283
0.5623171 309
0.5953946 295
0.6284720 263
0.6615495 244
0.6946270 264
0.7277045 246
0.7607819 238
0.7938594 226
0.8269369 252
0.8600144 215
0.8930919 165
0.9261693 186
0.9592468 150
0.9923243 158
1.0254018 153
1.0584792 142
1.0915567 152
1.1246342 121
1.1577117 120
1.1907891 91
1.2238666 81
1.2569441 80
1.2900216 90
1.3230990 51
1.3561765 52
1.3892540 32
1.4223315 25
1.4554089 23
1.4884864 20
1.5215639 4
1.5546414 1
1.5877189 0
