0.00000000100 7
0.00000000126 4
0.00000000159 4
0.00000000201 7
0.00000000254 13
0.00000000320 22
0.00000000404 35
0.00000000509 64
0.00000000643 96
0.00000000811 140
0.00000001024 209
0.00000001292 322
0.00000001630 414
0.00000002057 613
0.00000002595 709
0.00000003275 920
0.00000004132 981
0.00000005214 1028
0.00000006579 976
0.00000008302 743
0.00000010476 490
0.00000013219 256
0.00000016681 111
0.00000021049 59
0.00000026561 41
0.00000033516 33
0.00000042292 19
0.00000053367 24
0.00000067342 22
0.00000084975 28
0.00000107227 28
0.00000135305 17
0.00000170735 29
0.00000215443 14
0.00000271859 27
0.00000343047 25
0.00000432876 22
0.00000546228 25
0.00000689261 21
0.00000869749 18
0.00001097499 23
0.00001384886 16
0.00001747528 22
0.00002205131 27
0.00002782559 21
0.00003511192 16
0.00004430621 27
0.00005590810 13
0.00007054802 21
0.00008902151 17
0.00011233240 25
0.00014174742 20
0.00017886495 17
0.00022570197 19
0.00028480359 18
0.00035938137 21
0.00045348785 11
0.00057223677 16
0.00072208090 23
0.00091116276 12
0.00114975700 17
0.00145082878 23
0.00183073828 18
0.00231012970 15
0.00291505306 14
0.00367837977 16
0.00464158883 15
0.00585702082 23
0.00739072203 23
0.00932603347 20
0.01176811952 22
0.01484968262 15
0.01873817423 17
0.02364489413 19
0.02983647240 18
0.03764935807 17
0.04750810162 19
0.05994842503 23
0.07564633276 11
0.09545484567 19
0.12045035403 23
0.15199110830 25
0.19179102617 29
0.24201282648 45
0.30538555088 40
0.38535285937 32
0.48626015801 45
0.61359072734 61
0.77426368268 48
0.97700995730 38
1.23284673944 30
1.55567614393 11
1.96304065004 2
2.47707635599 0
3.12571584969 0
3.94420605944 0
4.97702356433 0
6.28029144183 0
7.92482898354 0
